Published in J. Chem. Theory Comput. 2021, 17, 3, 1662-1677
Grids with 10 points for different energy ranges (Erange)
Structure:
Line 1     |
.          |
.          |   Frequency grid points
.          |
line 10    |-------------------------------
line 11    |
.          |
.          |   Weights
.          |
line 20    |
####################################################################

Erange 0.0000 10.0000

 0.1691355148
 0.5284642103
 0.9545511712
 1.5047418958
 2.2597115867
 3.3454936705
 4.9862966533
 7.6650093063
12.7796542255
27.2864801899
  1.3668906607
  1.5376910384
  1.9085090684
  2.5454826105
  3.5752953953
  5.2519519792
  8.1659529947
 14.0412676455
 29.9635632405
113.9616484063

Erange 10.0000 15.8489

 0.1869871309
 0.5895532734
 1.0837264945
 1.7513396673
 2.7113373418
 4.1525884587
 6.4085359717
10.1783866742
17.4346686857
37.8980985815
  1.5145800816
  1.7471268103
  2.2596684390
  3.1585459584
  4.6430693974
  7.0975540441
 11.3742847285
 19.8846971486
 42.4806155504
160.1592266207

Erange 15.8489 25.1189

 0.2039012435
 0.6490652017
 1.2154617028
 2.0166038170
 3.2247481157
 5.1221232176
 8.2115606004
13.5286265845
23.9062720036
53.0749019920
  1.6555252147
  1.9603894729
  2.6446293317
  3.8762047872
  5.9706622921
  9.5269596084
 15.8207932390
 28.3038693397
 60.8180734764
227.4291674840

Erange 25.1189 39.8107

 0.2197846533
 0.7065505286
 1.3486077979
 2.2989288229
 3.8011411937
 6.2712402355
10.4688111936
17.9524987682
32.8615723622
74.7756485944
  1.7888580703
  2.1753487613
  3.0602200686
  4.6997237882
  7.5851738338
 12.6573867842
 21.8802820911
 40.3268471471
 87.6674540565
325.6244719695

Erange 39.8107 63.0957

  0.2345798814
  0.7616286890
  1.4819393774
  2.5960041367
  4.4395273750
  7.6132328090
 13.2547497255
 23.7282493641
 45.1768950589
105.7729144697
  1.9139752750
  2.3897895577
  3.5019870758
  5.6263232572
  9.5060791976
 16.6038924441
 29.9855356851
 57.3029721670
126.8976580308
469.2686806990

Erange 63.0957 100.0000

  0.2482536529
  0.8139632275
  1.6141313956
  2.9047396053
  5.1362429079
  9.1554123230
 16.6387607041
 31.1686645431
 61.9768886998
149.9615921038
  2.0304531911
  2.6013970433
  3.9641872500
  6.6485939097
 11.7419410120
 21.4685027041
 40.6082690439
 80.9391270348
183.9854602052
679.7576876444

Erange 100.0000 158.4893

  0.2607908294
  0.8632543115
  1.7437728168
  3.2212681696
  5.8845768915
 10.8968338183
 20.6769015469
 40.6046868363
 84.6611375087
212.7577554170
  2.1380068869
  2.8077970259
  4.4398923935
  7.7541187058
 14.2870761441
 27.3265015551
 54.2240770796
113.2948851714
266.5197317993
988.5625903017

Erange 158.4893 251.1886

  0.2721910070
  0.9092401123
  1.8694056281
  3.5410284304
  6.6745887899
 12.8261352843
 25.4017665897
 52.3565960317
114.9004634962
301.5906626996
   2.2364704739
   3.0066299063
   4.9212111209
   8.9254361773
  17.1186636963
  34.2107624288
  71.2590640537
 156.7050570892
 384.7086973640
1441.8400381753

Erange 251.1886 398.1072

  0.2824662467
  0.9517015585
  1.9895783859
  3.8589208809
  7.4931804727
 14.9198304676
 30.8112476377
 66.6907415629
154.5762908277
426.4637399855
   2.3257859337
   3.1956386237
   5.3996106180
  10.1404334202
  20.1948679410
  42.0958396184
  92.0186638519
 213.5940437865
 551.7262156926
2106.9529901574

Erange 398.1072 630.9573

  0.2916392096
  0.9904672599
  2.1029049829
  4.1695234368
  8.3244617815
 17.1414352405
 36.8575879013
 83.7621447531
205.6283870841
600.5018496162
   2.4059940349
   3.3727551501
   5.8663054109
  11.3731912039
  23.4545224341
  50.8843412073
 116.6036758550
 286.1519007076
 783.5924592643
3081.4105583081

Erange 630.9573 1000.0000

  0.2997413607
  1.0254167167
  2.2081204281
  4.4673434763
  9.1504060805
 19.4417624082
 43.4386668156
103.5471053219
269.7738483758
840.2848331258
   2.4772242467
   3.5361737282
   6.3126700124
  12.5952245841
  26.8187423356
  60.3985505678
 144.8242009234
 375.8629062381
1098.1153648547
4504.3939223480

Erange 1000.0000 1584.8932

   0.3068109658
   1.0564802087
   2.3041249902
   4.7470723881
   9.9517267554
  21.7605318886
  50.3935721716
 125.7744579027
 348.0698561069
1165.5406450213
   2.5396811556
   3.6843998348
   6.7306209763
  13.7769658087
  30.1944572496
  70.3798499898
 176.1269835985
 482.9151399022
1512.2878117311
6569.5987208222

Erange 1584.8932 2511.8864

   0.3128903217
   1.0836325633
   2.3900037820
   5.0037876383
  10.7087987937
  24.0290199661
  57.5035919858
 149.8665589334
 440.3163793218
1597.3324135008
   2.5936224144
   3.8162582328
   7.1128892249
  14.8891958074
  33.4792001882
  80.4965089125
 209.5512828348
 605.5615595983
2037.5442412574
9533.5081180067

Erange 2511.8864 3981.0717

   0.3180208381
   1.1068742715
   2.4649964188
   5.2330020840
  11.4022590556
  26.1726545478
  64.4968153514
 174.8953978169
 544.3139194265
2152.9928502293
    2.6393159245
    3.9308250303
    7.4530427911
   15.9038817881
   36.5653635629
   90.3558106515
  243.7153479877
  739.5086190322
 2672.4483472880
13699.9764933785

Erange 3981.0717 6309.5734

   0.3222327278
   1.1261846760
   2.5283617927
   5.4303608672
  12.0125527722
  28.1109550492
  71.0481159543
 199.5351883274
 654.9414770847
2834.2166166353
    2.6769471895
    4.0272041015
    7.7449787333
   16.7933831094
   39.3401336529
   99.5077313820
  276.7991732905
  877.2963089423
 3392.3506015066
19327.4793202639

Erange 6309.5734 10000.0000

   0.3255214101
   1.1414100173
   2.5790085497
   5.5905435586
  12.5168740676
  29.7491494348
  76.7532744950
 221.9330386256
 762.7629878613
3600.8832911895
    2.7064058812
    4.1039558322
    7.9812493092
   17.5258351705
   41.6731864918
  107.4104101562
  306.4111333723
 1007.2682411417
 4134.1841801288
26326.3790293712

Erange 10000.0000 10000000000000000000000.0

   0.3277882136
   1.1519811395
   2.6145328160
   5.7041951049
  12.8795832548
  30.9477195955
  81.0249062115
 239.2785723927
 851.1369245332
4316.4969028181
    2.7267501544
    4.1576398855
    8.1485077794
   18.0511174784
   43.3729741852
  113.2863305571
  329.0489366778
 1110.8334000192
 4769.6725828558
33483.1643974184

