Published in J. Chem. Theory Comput. 2021, 17, 3, 1662-1677
Grids with 12 points for different energy ranges (Erange)
Structure:
Line 1     |
.          |
.          |   Frequency grid points
.          |
line 12    |-------------------------------
line 13    |
.          |
.          |   Weights
.          |
line 24    |
####################################################################

Erange 0.0000 10.0000

 0.1429218755
 0.4413040082
 0.7787608801
 1.1864502692
 1.7042237511
 2.3869386764
 3.3160967043
 4.6250055507
 6.5625649934
 9.6884369954
15.6631146136
32.7980178888
  1.1516386570
  1.2529042373
  1.4672623751
  1.8204249348
  2.3576230703
  3.1569403958
  4.3615743259
  6.2652703085
  9.5715186728
 16.3575128415
 35.1302427475
135.2411004461

Erange 10.0000 15.8489

 0.1584039050
 0.4923328393
 0.8800124739
 1.3655907229
 2.0071985270
 2.8866096232
 4.1262350784
 5.9244211841
 8.6433443828
13.0785495268
21.5592271650
45.7118338614
  1.2784891327
  1.4170284762
  1.7134256188
  2.2093442533
  2.9769865924
  4.1378097216
  5.9064391727
  8.7062439218
 13.5244007250
 23.2515496819
 49.7545226217
190.0528873616

Erange 15.8489 25.1189

 0.1732162492
 0.5421693623
 0.9824597614
 1.5548177385
 2.3422035365
 3.4651351072
 5.1078262325
 7.5699331662
11.3905202972
17.7236693379
29.8814434759
64.2938771336
  1.4004968940
  1.5831439837
  1.9790033576
  2.6541934611
  3.7236108337
  5.3795420165
  7.9546974991
 12.0817142053
 19.1809904930
 33.3279832468
 71.2262003206
269.9060313657

Erange 25.1189 39.8107

 0.1872798507
 0.5905014926
 1.0854206804
 1.7532172531
 2.7093772498
 4.1282041031
 6.2843865572
 9.6323358121
14.9869260172
24.0540642157
41.6061199649
91.0579838939
  1.5169742576
  1.7500181527
  2.2624194311
  3.1553832889
  4.6074907781
  6.9214242594
 10.6205737703
 16.6782225013
 27.1955741561
 48.0070631391
102.8049196471
386.5595244231

Erange 39.8107 63.0957

  0.6370759298
  1.1882131903
  1.9596143934
  3.1080141107
  4.8798810059
  7.6781144945
 12.1876192174
 19.6488402798
 32.6228933481
 58.0768113011
129.6233187971
  1.6274388387
  1.9164215005
  2.5615485094
  3.7116934868
  5.6356187476
  8.8002001764
 14.0262936828
 22.8359064176
 38.4195421427
 69.2842499428
149.2878855471
557.3948408563

Erange 63.0957 100.0000

  0.2129723629
  0.6816735477
  1.2901205273
  2.1725086187
  3.5363611280
  5.7219435274
  9.3081177834
 15.3135513250
 25.6240110606
 44.1260843459
 81.1209689443
185.1814120492
  1.7315404517
  2.0810818423
  2.8736666008
  4.3200268589
  6.8109839414
 11.0471570922
 18.2960322422
 30.9431916628
 53.9282654511
 99.9115941464
217.6935988299
808.1158966124

Erange 100.0000 158.4893

  0.2245470036
  0.7240993142
  1.3903836822
  2.3900535856
  3.9914711962
  6.6532201376
 11.1882815305
 19.0846043138
 33.1849165684
 59.4159094721
113.1875318972
265.1423802300
   1.8290254133
   2.2426816783
   3.1954619059
   4.9752384138
   8.1315573022
  13.6846321104
  23.5471635145
  41.4230455933
  75.0326126924
 143.5974285984
 318.2024018708
1176.7318201569

Erange 158.4893 251.1886

  0.2352569289
  0.7641800006
  1.4882116081
  2.6100766743
  4.4691309002
  7.6689956608
 13.3248903807
 23.5651210903
 42.6155684811
 79.5012479303
157.4966041219
380.0140548312
   1.9197199042
   2.3998824271
   3.5231038387
   5.6700850285
   9.5894074346
  16.7221847881
  29.8787887219
  54.7084282724
 103.2627991320
 205.1958440609
 465.4037479092
1719.4131915420

Erange 251.1886 398.1072

  0.2451010324
  0.8017654177
  1.5828017133
  2.8301315091
  4.9638755099
  8.7605637856
 15.7142019721
 28.8008583603
 54.1903386201
105.5249731655
218.1800947562
544.5701280399
   2.0035216976
   2.5513624101
   3.8523601744
   6.3953211895
  11.1700971507
  20.1528292842
  37.3579914759
  71.2052490526
 140.3097705346
 290.8331709855
 679.8608784221
2519.0595776361

Erange 398.1072 630.9573

  0.2540860929
  0.8367307788
  1.6733652691
  3.0475761199
  5.4690974483
  9.9150059248
 18.3402496051
 34.8093868001
 68.1439425172
138.7068831809
300.3728140052
779.3504064325
   2.0803948243
   2.6958593153
   4.1787487016
   7.1399470157
  12.8524921306
  23.9498320869
  46.0048789809
  91.2426452325
 187.9089603724
 407.8883218734
 989.9035071865
3697.7353079189

Erange 630.9573 1000.0000

   0.2622257858
   0.8689789279
   1.7591538896
   3.2596687994
   5.9772463916
  11.1152640178
  21.1732100622
  41.5702473402
  84.6330027911
 180.2402911075
 410.1862989334
1112.4892104442
   2.1503647155
   2.8322109027
   4.4977084269
   7.8915966270
  14.6090742201
  28.0646302601
  55.7781205746
 115.0128724044
 247.6548547832
 564.7134983891
1433.3560219471
5434.4951233425

Erange 1000.0000 1584.8932

   0.2695397145
   0.8984418080
   1.8394842699
   3.4636731491
   6.4801097618
  12.3405489690
  24.1686845488
  49.0161813673
 103.6916002257
 231.1334699402
 554.4649729304
1581.7521816579
   2.2135128426
   2.9593898800
   4.8047752763
   8.6370385309
  16.4067943824
  32.4263800759
  66.5632283492
 142.5063854483
 320.7442657342
 769.9644053805
2058.5574644309
7990.4062219026

Erange 1584.8932 2511.8864

   0.2760524229
   0.9250808413
   1.9137590003
   3.6569632156
   6.9691521519
  13.5670860508
  27.2681820098
  57.0270405663
 125.1857068673
 291.9952897702
 740.1948138210
2236.4143292529
    2.2699704690
    3.0765302395
    5.0957476568
    9.3627452651
   18.2084278024
   36.9434843105
   78.1660203974
  173.4511745726
  407.6625296167
 1031.4246617586
 2923.5144488609
11742.3664433593

Erange 2511.8864 3981.0717

   0.2817923316
   0.9488858958
   1.9814813109
   3.8371183004
   7.4358800759
  14.7691411930
  30.4009348015
  65.4279344217
 148.7737052777
 362.7781053922
 973.4258195636
3138.1182553730
    2.3199110234
    3.1829426240
    5.3668266769
   10.0554746526
   19.9743054287
   41.5071461045
   90.3132946680
  207.2678010094
  507.8481385865
 1354.2786786739
 4091.4254681172
17225.3947058574

Erange 3981.0717 6309.5734

   0.2867904139
   0.9698720269
   2.0422603506
   4.0019927656
   7.8721789655
  15.9201852024
  33.4868654474
  73.9924717306
 173.8808134122
 442.5068881766
1257.6017567738
4358.8912675126
    2.3635395114
    3.2781143918
    5.6147106492
   10.7027808236
   21.6641753168
   45.9965072091
  102.6613571536
  243.0506101881
  619.3895996238
 1738.9143702858
 5620.3531458486
25175.9429434196

Erange 6309.5734 10000.0000

   0.2910780860
   0.9880717528
   2.0957994347
   4.1497340080
   8.2705289811
  16.9939014393
  36.4399516317
  82.4500835175
 199.6913462924
 529.0300260431
1591.2609924507
5972.6134097078
    2.4010744100
    3.3616835554
    5.8366061953
   11.2933185612
   23.2387411454
   50.2841113726
  114.8101128219
  279.5777776853
  738.8053577500
 2178.4684232359
 7544.7966246476
36546.9638502522

Erange 10000.0000 15848.9319

   0.2946830135
   1.0035172315
   2.1418493923
   4.2786919199
   8.6239165593
  17.9644477245
  39.1701771936
  90.4925192593
 225.1497724816
 618.7984682735
1965.0906091672
8032.3776354955
    2.4327106445
    3.4333597471
    6.0300740994
   11.8166768000
   24.6600167515
   54.2389703303
  126.3148932105
  315.3329147577
  860.9011887484
 2656.2946104666
 9847.1907514951
52404.8911079798

Erange 15848.9319 25118.8643

    0.2976197396
    1.0161987870
    2.1800846641
    4.3870919140
    8.9250517003
   18.8047527393
   41.5801589448
   97.7669240973
  248.9317783904
  706.5698042833
 2358.0029706570
10518.0301237170
    2.4585363707
    3.4927274667
    6.1925217372
   12.2621753661
   25.8887398815
   57.7216010265
  136.6776827398
  348.4798638992
  978.5383648256
 3142.9947267432
12416.2086145738
73465.1333215091

Erange 25118.8643 39810.7171

    0.2998670956
    1.0259644793
    2.2097926993
    4.4721489070
    9.1639446473
   19.4800041119
   43.5475134513
  103.8257383340
  269.2803013626
  784.6486318135
 2730.6250483393
13221.1901021026
    2.4783325512
    3.5387630949
    6.3198627045
   12.6152399858
   26.8747424439
   60.5583018462
  145.2758169731
  376.6438884699
 1081.7718726304
 3590.9431451698
14981.1437262611
98685.2842842886

Erange 39810.7171 10000000000000000000000.0

    0.3013075069
    1.0322518203
    2.2290418085
    4.5276502369
    9.3210596383
   19.9282478816
   44.8685091612
  107.9542479714
  283.4251696977
  840.5380854760
 3010.9488434271
15507.2632265181
     2.4910357182
     3.5685482900
     6.4028922052
    12.8472588158
    27.5285431148
    62.4596838628
   151.1169580763
   396.1137969624
  1154.8697391932
  3919.7632250624
 16987.5448440427
121859.6222686120


