Published in J. Chem. Theory Comput. 2021, 17, 3, 1662-1677
Grids with 14 points for different energy ranges (Erange)
Structure:
Line 1     |
.          |
.          |   Frequency grid points
.          |
line 14    |-------------------------------
line 15    |
.          |
.          |   Weights
.          |
line 28    |
####################################################################

Erange 0.0000 10.0000

 0.1237520189
 0.3793210576
 0.6597671782
 0.9840308063
 1.3749190589
 1.8615001814
 2.4828690979
 3.2948316051
 4.3831950418
 5.8934107334
 8.1059865442
11.6655039451
18.5015048397
38.2819532635
  0.9953480584
  1.0603177324
  1.1957654954
  1.4133948133
  1.7328520386
  2.1854448800
  2.8219014341
  3.7292475222
  5.0703343025
  7.1862064817
 10.9011727051
 18.6462199489
 40.3358249912
156.6176929723

Erange 10.0000 15.8489

 0.1374094319
 0.4232874675
 0.7434627635
 1.1246519429
 1.5998350917
 2.2119848549
 3.0197111559
 4.1068823716
 5.6011802735
 7.7149478780
10.8492870266
15.9125394356
25.6080428343
53.4755730624
  1.1065746103
  1.1957871987
  1.3832452154
  1.6880147553
  2.1417398404
  2.7939305402
  3.7226602599
  5.0574130007
  7.0326209795
 10.1280077624
 15.4922744537
 26.5146676382
 57.0613114748
220.1125211584

Erange 15.8489 25.1189

 0.1505666691
 0.4663185031
 0.8277068519
 1.2712878156
 1.8436088079
 2.6071668363
 3.6492744660
 5.0966470423
 7.1423813249
10.1035301725
14.5662361716
21.8316004103
35.7316313060
75.4226567085
  1.2141619398
  1.3322854327
  1.5829025816
  1.9963918216
  2.6232733911
  3.5424808468
  4.8772006454
  6.8270949102
  9.7419189377
 14.3144269945
 22.1701961220
 38.0813013453
 81.6223741771
312.6617306196

Erange 25.1189 39.8107

  0.1631562520
  0.5081770951
  0.9120372525
  1.4233448685
  2.1061443172
  3.0494194848
  4.3813220072
  6.2921913817
  9.0755650205
 13.2120067673
 19.5745958656
 30.0570187431
 50.1492744094
107.1783297388
  1.3175441044
  1.4690002249
  1.7938350101
  2.3387080235
  3.1820962285
  4.4480797906
  6.3314922440
  9.1461446770
 13.4295496937
 20.2108748061
 31.8329243658
 55.0796796299
117.7865289580
447.9532239797

Erange 39.8107 63.0957

  0.1751328845
  0.5486776639
  0.9960210811
  1.5801351784
  2.3869791803
  3.5403675980
  5.2247498897
  7.7222102918
 11.4770489386
 17.2224496874
 26.2781750027
 41.4427682146
 70.6620174299
153.1839920115
  1.4163230403
  1.6051622979
  2.0148854393
  2.7143744444
  3.8214565309
  5.5262609568
  8.1328172499
 12.1354156373
 18.3750624012
 28.4209054649
 45.7212448421
 80.0245286075
171.1497275424
646.2551730002

Erange 63.0957 100.0000

  0.1864652922
  0.5876633466
  1.0792191469
  1.7408187754
  2.6851623062
  4.0805890775
  6.1868950019
  9.4146722805
 14.4288638472
 22.3464969167
 35.1805962456
 57.1239822554
 99.7934538596
219.8849251090
  1.5102046331
  1.7399928662
  2.2445854341
  3.1218905788
  4.5427866675
  6.7900434678
 10.3276245183
 15.9258160031
 24.9067272813
 39.7083406441
 65.5184547987
116.5275564847
250.0070635506
937.6053510630

Erange 100.0000 158.4893

  0.1971320791
  0.6249956559
  1.1611723802
  1.9043787816
  2.9991713766
  4.6693370438
  7.2727561475
 11.3950369748
 18.0156522854
 28.8229704372
 46.8960302078
 78.5862781220
141.0502377875
316.6100822049
   1.5989671650
   1.8726867218
   2.4811398852
   3.5587454918
   5.3452816270
   8.2486779479
  12.9586247774
  20.6532145019
  33.3973084995
  55.0132280452
  93.4595115136
 169.7104251358
 366.6123252772
1366.5424642620

Erange 158.4893 251.1886

  0.2071196561
  0.6605509163
  1.2414020419
  2.0696221481
  3.3268716611
  5.3043048684
  8.4841749046
 13.6840687647
 22.3200876467
 36.9116410253
 62.1534675938
107.7376013130
199.2542570825
456.8148338118
   1.6824466691
   2.0024171607
   2.7224478007
   4.0213777156
   6.2255350220
   9.9063048458
  16.0611858221
  26.4508538316
  44.2532609537
  75.4556024909
 132.4376997244
 246.7212469197
 538.9733116474
1999.1167103367

Erange 251.1886 398.1072

  0.2164211208
  0.6942199530
  1.3194178020
  2.2351995560
  3.6655163476
  5.9814567261
  9.8190406778
 16.2953330419
 27.4167071273
 46.8819737408
 81.7899193598
146.9723500158
280.9494882357
659.8171183904
   1.7605300726
   2.1283527095
   2.9661512425
   4.5052010177
   7.1772843511
  11.7606576801
  19.6592104096
  33.4391532657
  57.8955315617
 102.3193351051
 186.0880718335
 357.3408756648
 793.3581972962
2933.2573821370

Erange 398.1072 630.9573

  0.2250355201
  0.7259090833
  1.3947298426
  2.3996392595
  4.0117873209
  6.6949449046
 11.2705993355
 19.2325359337
 33.3642363588
 58.9958553993
106.7269043438
199.2107206824
394.8716061946
953.1877173873
   1.8331514161
   2.2496790560
   3.2097043487
   5.0046961608
   8.1913069930
  13.8019617015
  23.7608112411
  41.7131393336
  74.7305852817
 137.0072118926
 258.8161120250
 514.6278991607
1167.6927133752
4314.0600989353

Erange 630.9573 1000.0000

   0.2329672393
   0.7555413998
   1.4668625114
   2.5613905063
   4.3618737487
   7.4371311516
  12.8269527907
  22.4869444262
  40.1967444694
  73.4837764659
 137.9240966582
 267.8878409083
 552.4401168858
1375.9767397362
   1.9002889439
   2.3656220115
   3.4504549208
   5.5135632638
   9.2554952014
  16.0121808928
  28.3542178175
  51.3282153821
  95.1112670428
 180.9584964669
 355.7288435531
 735.4910472494
1715.9698037434
6356.2299530268

Erange 1000.0000 1584.8932

   0.2402254166
   0.7830578426
   1.5353678880
   2.7188726288
   4.7115837714
   8.1987224212
  14.4708344316
  26.0351871851
  47.9142866742
  90.5147950650
 176.3046192376
 356.8585531562
 768.1850111560
1982.9500242172
   1.9619621289
   2.4754688800
   3.6857316829
   6.0249247125
  10.3551221421
  18.3647495303
  33.4044338479
  62.2855111009
 119.2887281553
 235.5225052732
 482.4170871034
1040.9927333185
2513.6032217521
9376.8150807787

Erange 1584.8932 2511.8864

   0.2468233492
   0.8084178279
   1.5998381346
   2.8705261553
   5.0564823086
   8.9690218562
  16.1797300245
  29.8377700205
  56.4740220701
 110.1618693375
 222.6488481804
 470.1773374173
1059.9473360129
2849.9290757235
    2.0182283022
    2.5785866033
    3.9129309791
    6.5315646857
   11.4732925305
   20.8248869682
   38.8511844674
   74.5185441262
  147.3588151983
  301.7870399797
  644.5368680478
 1456.0849972255
 3663.2246138488
13842.4692582523

Erange 2511.8864 3981.0717

   0.2527778876
   0.8315993357
   1.6599158447
   3.0148625096
   5.3920458557
   9.7362845660
  17.9263848498
  33.8386264546
  65.7830638131
 132.3657077044
 277.4583246669
 611.7132434736
1448.5954171971
4080.0961955192
    2.0691788279
    2.6744357055
    4.1295974101
    7.0261885022
   12.5915522521
   23.3505373340
   44.6086276155
   87.8832464562
  179.2087421299
  380.3693409645
  847.1517608948
 2008.3835540709
 5299.6066969373
20436.5916870518

Erange 3981.0717 6309.5734

   0.2581088191
   0.8525984201
   1.7153018106
   3.1505090575
   5.7138232801
  10.4881555752
  19.6796959600
  37.9659478012
  75.6944278689
 156.9018728488
 340.7986066435
 784.5727195079
1956.8887152134
5810.5946526557
    2.1149348246
    2.7625794643
    4.3334936279
    7.5016830819
   13.6906128848
   25.8939031476
   50.5671398344
  102.1534098073
  214.4719667356
  471.1889613220
 1093.8328482538
 2725.5448838232
 7591.0671728075
30152.0706717858

Erange 6309.5734 10000.0000

   0.2628382234
   0.8714280605
   1.7657596164
   3.2762461263
   6.0175894628
  11.2121536455
  21.4059326227
  42.1343821843
  86.0072674859
 183.3569410967
 412.1386866853
 990.3340957722
2607.0355156257
8217.6518865426
    2.1556422993
    2.8426877270
    4.5226546750
    7.9513577754
   14.7511283771
   28.4034547055
   56.5972126741
  117.0231272990
  252.5000852604
  573.2541383290
 1385.5711225104
 3630.8937331277
10732.8926043119
44412.7454221149

Erange 10000.0000 15848.9319

    0.2669897168
    0.8881160366
    1.8111159140
    3.3910312600
    6.2994739200
   11.8961448564
   23.0701486723
   46.2484254367
   96.4719312295
  211.1191385393
  490.2118567969
 1228.1451103779
 3416.4888677083
11516.2764247119
    2.1914660052
    2.9145339018
    4.6954204666
    8.3691390546
   15.7544349932
   30.8261827873
   62.5550785959
  132.1166480181
  292.3589727377
  684.5004320460
 1719.6279381381
 4737.2130089364
14926.3945833957
65214.5854685522

Erange 15848.9319 25118.8643

    0.2705873339
    0.9027008262
    1.8512534027
    3.4940013018
    6.5560338595
   12.5287105641
   24.6375162990
   50.2063656122
  106.7989482477
  239.3855189704
  572.9217973825
 1493.7802560807
 4391.6531513823
15946.3157069551
    2.2225798748
    2.9779807247
    4.8504331224
    8.7496748175
   16.6831117927
   33.1096749304
   68.2890150152
  147.0038405080
  332.8504308647
  801.7128740424
 2088.4957503407
 6039.0202101248
20335.9662907764
95237.9491735472

Erange 25118.8643 39810.7171

    0.2736534033
    0.9152228943
    1.8860889161
    3.5844307219
    6.7842091626
   13.0992262603
   26.0740471238
   53.9032916651
  116.6682197836
  267.1788894394
  657.2957186602
 1778.7428167398
 5519.3340205550
21728.1102484379
     2.2491484612
     3.0329431005
     4.9865675646
     9.0882574058
    17.5210934362
    35.2032246883
    73.6440737458
   161.2153874074
   372.5471701471
   920.5248906131
  2479.0844185941
  7503.9257555560
 27016.4719382037
137767.7155756846

Erange 39810.7171 63095.7344

    0.2762038751
    0.9257049710
    1.9155181787
    3.6615955500
    6.9810205813
   13.5972653572
   27.3456018037
   57.2299813261
  125.7291850483
  293.3488003957
  739.4224775091
 2069.3129722892
 6755.4499384197
28953.1020102810
     2.2712859780
     3.0792992741
     5.1027200278
     9.3803617896
    18.2527730414
    37.0563765980
    78.4605903366
   174.2440970075
   409.8022250696
  1035.3935269289
  2871.9480786724
  9063.0318691465
 34802.3411507123
195953.6113049136

Erange 63095.7344 100000.0000

    0.2782372627
    0.9341052990
    1.9392811143
    3.7244178713
    7.1426775987
   14.0104317718
   28.4127187100
   60.0605983468
  133.5708071158
  316.4906323388
  814.1646091006
 2344.8657889336
 8008.3640462208
37336.4453482422
     2.2889594922
     3.1166781457
     5.1972670980
     9.6203063189
    18.8597858743
    38.6113282763
    82.5562878265
   185.5019720597
   442.6381961781
  1139.2464452044
  3239.5675734011
 10597.2076849843
 43138.2829731588
270210.1721654664

Erange 63095.7344 100000.0000

    0.2797061105
    0.9401976208
    1.9566150716
    3.7705342696
    7.2621588744
   14.3181598521
   29.2146691724
   62.2108644129
  139.6075090217
  334.6128282321
  874.0601697758
 2573.2407688027
 9106.9093547352
45681.2634053412
     2.3017396663
     3.1439147213
     5.2666593691
     9.7976475080
    19.3118662463
    39.7796164202
    85.6655764698
   194.1562123365
   468.2769736016
  1221.9920415433
  3540.6939427322
 11906.8807811276
 50784.6785989486
351114.7297449199

Erange 100000.0000 10000000000000000000000.0

    0.2804327241
    0.9432189565
    1.9652427263
    3.7935792307
    7.3221225214
   14.4733497588
   29.6214037439
   63.3089320995
  142.7165811493
  344.0493229240
  905.7186374789
 2696.6518617551
 9723.5240468335
50819.6229440420
     2.3080659907
     3.1574618466
     5.3013309216
     9.8866457112
    19.5398378445
    40.3720337476
    87.2526345926
   198.6089079904
   481.6006602566
  1265.5556076378
  3702.1080195525
 12628.2949771581
 55206.6199291978
404336.6163259717

