Published in J. Chem. Theory Comput. 2021, 17, 3, 1662-1677
Grids with 18 points for different energy ranges (Erange)
Structure:
Line 1     |
.          |
.          |   Frequency grid points
.          |
line 18    |-------------------------------
line 19    |
.          |
.          |   Weights
.          |
line 36    |
####################################################################

Erange 0.0000 39.8107

  0.1298456465
  0.3988103234
  0.6963991922
  1.0444319069
  1.4690553118
  2.0029893765
  2.6884334628
  3.5810301363
  4.7555291396
  6.3143246626
  8.4012517718
 11.2259757728
 15.1120083202
 20.6034371229
 28.7374965024
 41.8773577885
 67.0742138385
139.6584529389
  1.0448943223
  1.1196138939
  1.2755214302
  1.5260243258
  1.8925860867
  2.4067608076
  3.1135195712
  4.0765382360
  5.3868414675
  7.1778931798
  9.6543761342
 13.1527751211
 18.2827239159
 26.2959402993
 40.1952974943
 68.8381572595
148.4251331235
573.7543145168

Erange 39.8107 63.0957

  0.1397270663
  0.4307899605
  0.7578615451
  1.1489848234
  1.6386366888
  2.2711820179
  3.1054488566
  4.2210677163
  5.7275678639
  7.7779516308
 10.5900998557
 14.4833453348
 19.9481632763
 27.7980070462
 39.5553770439
 58.6371652030
 95.1664262191
199.8120771711
  1.1254777092
  1.2191301615
  1.4159549533
  1.7357898769
  2.2107025042
  2.8884651343
  3.8381653325
  5.1589289357
  6.9937081458
  9.5523234108
 13.1534890555
 18.3104667896
 25.9284820791
 37.8224219073
 58.2905230178
 99.9850804948
214.7432654279
825.4199778099

Erange 63.0957 100.0000

  0.1492961798
  0.4621159940
  0.8192986447
  1.2561790028
  1.8173604229
  2.5618965286
  3.5703575165
  4.9548575932
  6.8736718957
  9.5531488900
 13.3219122430
 18.6677883769
 26.3424481775
 37.5822702281
 54.6614174327
 82.5910671558
136.0598224579
288.4130388920
   1.2037437337
   1.3186740178
   1.5620778491
   1.9623623515
   2.5659968907
   3.4433516902
   4.6981286927
   6.4819712916
   9.0172498352
  12.6340561081
  17.8348257001
  25.4201683531
  36.7700031095
  54.5748209134
  85.0768077754
 146.5220954634
 313.7826771084
1198.9520575872

Erange 100.0000 158.4893

  0.1584291105
  0.4923676705
  0.8798545971
  1.3645306726
  2.0029559444
  2.8721552979
  4.0802360619
  5.7818801288
  8.2014489460
 11.6681652831
 16.6712554225
 23.9506227986
 34.6586778230
 50.6893596016
 75.4798257353
116.4556798070
195.0697414287
417.9836587046
   1.2786680849
   1.4168338168
   1.7117810679
   2.2028430665
   2.9552177392
   4.0694407792
   5.6968264595
   8.0636244257
  11.5088646007
  16.5452628560
  23.9626844156
  35.0208323055
  51.8606667207
  78.5471730133
 124.2620571484
 215.4795983513
 460.7702739648
1749.9627946475

Erange 100.0000 251.1886

  0.1671116548
  0.5214708551
  0.9393097368
  1.4735702808
  2.1946748324
  3.2012048726
  4.6354130094
  6.7065314527
  9.7264735478
 14.1654409315
 20.7404186669
 30.5610246777
 45.3855406117
 68.1238234766
104.0186412697
164.1839893914
280.1544767373
607.6472584091
   1.3501155838
   1.5132276971
   1.8642661849
   2.4560733772
   3.3774770248
   4.7680863755
   6.8427547387
   9.9305435598
  14.5367731415
  21.4436699379
  31.8798950383
  47.8267584527
  72.6417146069
 112.5730134965
 181.3233185640
 317.5787234605
 679.3006854296
2564.4398684848

Erange 251.1886 398.1072

  0.1753336154
  0.5493591168
  0.9974384765
  1.5827654840
  2.3915599085
  3.5477813599
  5.2351819268
  7.7314391900
 11.4619432350
 17.0858339095
 25.6360565260
 38.7534373030
 59.0967942347
 91.1294211334
142.8954158627
231.1836811138
402.6537267206
885.4112133044
   1.4179805189
   1.6074658183
   2.0186169667
   2.7205270993
   3.8310411083
   5.5390252612
   8.1418259045
  12.1062847716
  18.1681878289
  27.4966536564
  41.9732549127
  64.6903776191
 100.9294347797
 160.4209494552
 263.9275714556
 468.4685153113
1004.5837269164
3770.4566405623

Erange 398.1072 630.9573

   0.1830883869
   0.5759736199
   1.0540123102
   1.6915292880
   2.5924529877
   3.9100888201
   5.8776660884
   8.8570187361
  13.4175478211
  20.4661980466
  31.4648411267
  48.8017490555
  76.4495863995
 121.2151194824
 195.4677596852
 324.7692285337
 578.6257253636
1292.2097048241
   1.4821841211
   1.6991565509
   2.1738178248
   2.9943287033
   4.3132948542
   6.3801427067
   9.5966211191
  14.6094618695
  22.4654971365
  34.8746541639
  54.6652672857
  86.6016594302
 138.9594702382
 227.0040973426
 382.6455458726
 690.7940183750
1489.0481843705
5558.8219829052

Erange 630.9573 1000.0000

   0.1903726716
   0.6012634771
   1.1088041456
   1.7992322446
   2.7960136019
   4.2858018852
   6.5597239166
  10.0810679769
  15.5982821536
  24.3365285771
  38.3276278710
  60.9895801211
  98.1745370250
 160.1684927159
 265.9620528718
 454.7015136525
 830.6382077070
1887.7088671338
   1.5426731051
   1.7879145271
   2.3287782075
   3.2752890006
   4.8207453166
   7.2873034190
  11.2056972830
  17.4517850579
  27.4816899166
  43.7420856642
  70.3994884411
 114.6741638350
 189.4104308329
 318.5833692910
 551.7946759068
1016.9707741924
2210.5057774575
8213.8198208033

Erange 1000.0000  1584.8932

   0.1971862309
   0.6251862061
   1.1615931263
   1.9052171671
   3.0007468049
   4.6720927424
   7.2769046128
  11.3984342625
  18.0032808349
  28.7167955677
  46.3121632358
  75.5960615341
 125.0546930949
 210.0476642953
 359.5807296926
 633.7970839226
1190.1117439479
2758.5792931344
    1.5994184745
    1.8733691394
    2.4823604756
    3.5609554992
    5.3490662228
    8.2542659701
   12.9630098751
   20.6361200351
   33.2552272538
   54.2457921012
   89.6184478611
  150.1129298272
  255.3920101846
  442.9301365229
  790.3671963035
 1492.7817243145
 3283.8983901805
12158.9036124478

Erange 1584.8932 2511.8864

   0.2035316360
   0.6477081184
   1.2121694365
   2.0088152143
   3.2050382740
   5.0656818893
   8.0234617331
  12.8007882058
  20.6247706509
  33.6136555877
  55.4845497672
  92.8768126327
 157.8905694328
 273.1409604848
 482.5583823389
 878.5599099634
1700.2911262907
4030.1709834357
    1.6524142554
    1.9551726480
    2.6334093167
    3.8486743744
    5.8931823353
    9.2726945107
   14.8575121486
   24.1547332219
   39.8046898348
   66.5014242947
  112.7336925481
  194.1596923135
  340.3798703217
  609.3974186848
 1122.9452418260
 2181.8283078367
 4877.9168046586
18024.4874790094

Erange 2511.8864 3981.0717

   0.2094140065
   0.6688045603
   1.2603387565
   2.1093623894
   3.4071948311
   5.4629109361
   8.7924295014
  14.2765359113
  23.4472465702
  39.0172995086
  65.8799104024
 113.0403460141
 197.4491488490
 351.8823138698
 642.1254846449
1209.7439754886
2419.8513698123
5882.7855493011
    1.7016760434
    2.0330073776
    2.7807810712
    4.1356606914
    6.4473903945
   10.3322754773
   16.8729840212
   27.9879026353
   47.1236395404
   80.5785027270
  140.0884336628
  248.0122252036
  448.0783719581
  828.8316626521
 1580.4284099133
 3170.6823251220
 7237.9640581715
26748.2432328838

Erange 3981.0717 6309.5734

   0.2148407367
   0.6884599724
   1.3059261462
   2.2062156276
   3.6054883396
   5.8598343867
   9.5757626088
  15.8108941786
  26.4469768125
  44.8987467685
  77.4929378268
 136.2208480186
 244.3961223973
 448.7110254865
 846.3277676302
1652.6934193953
3426.9958749408
8573.9852268837
    1.7472393422
    2.1065916821
    2.9233715837
    4.4190732485
    7.0055109247
   11.4209395080
   18.9881302401
   32.1030690960
   55.1762144509
   96.4853321841
  171.9145091799
  312.7172019771
  582.1942871973
 1113.2434347979
 2200.3031675205
 4574.2487579770
10716.8426219980
39722.9166671365

Erange 6309.5734 10000.0000

    0.2198212129
    0.7066677598
    1.3487792030
    2.2987677440
    3.7982008079
    6.2523260251
   10.3645355356
   17.3861422848
   29.5919292115
   51.2079209590
   90.2692371036
  162.4491452003
  299.2129199185
  565.8677976004
 1103.6427051815
 2237.2308167751
 4823.6292990950
12468.5005181050
    1.7891577163
    2.1756844908
    3.0601414177
    4.6960902849
    7.5610630292
   12.5251805746
   21.1769676296
   36.4546756304
   63.8940052690
  114.1552816413
  208.2868007855
  389.0399415000
  746.1115408809
 1475.1514064785
 3026.0799267374
 6540.3155235965
15813.7888282157
59012.9682355695

Erange 10000.0000 15848.9319

    0.2243665271
    0.7234299778
    1.3887704005
    2.3864606301
    3.9836685042
    6.6361944433
   11.1491925701
   18.9820499767
   32.8421840891
   57.8728263706
  104.0985230788
  191.6245596582
  362.1031645725
  705.1259668814
 1422.3374287089
 2996.7844711358
 6738.7333060639
18077.0697584316
    1.8275007963
    2.2400883549
    3.1901375121
    4.9639823812
    8.1074526665
   13.6304562909
   23.4094971359
   40.9847937809
   73.1747207446
  133.4361536335
  249.0796371417
  477.3195388816
  942.4700232614
 1926.5284191576
 4105.4396012617
 9251.5199965055
23220.4018431219
87669.4762656935

Erange 15848.9319 25118.8643

    0.2284891912
    0.7387568479
    1.4257985600
    2.4687962038
    4.1603229738
    7.0073014954
   11.9198352095
   20.5764655652
   36.1508591499
   64.8000820686
  118.8107659885
  223.4911025047
  432.8967766499
  867.4681251608
 1809.5311898132
 3966.3863186418
 9329.3976849091
26104.5129268633
     1.8623521760
     2.2996509889
     3.3125105981
     5.2201791602
     8.6381639419
    14.7216463244
    25.6526303937
    45.6245672163
    82.8830305704
   154.0843616749
   293.9307720822
   577.3234927936
  1172.6707285025
  2477.3202251214
  5486.6124488439
 12922.0726772876
 33867.6309103617
130182.0764173787

Erange 25118.8643 39810.7171

    0.2322028533
    0.7526661120
    1.4597894264
    2.5453447138
    4.3267269794
    7.3616770006
   12.6665297109
   22.1460316224
   39.4655215915
   71.8769552063
  134.1762393908
  257.6218237083
  510.9633980516
 1052.7332621852
 2269.9663283958
 5179.1735156383
12777.0743945526
37504.6522804937
     1.8938072208
     2.3542653342
     3.4265278850
     5.4623267470
     9.1469425513
    15.7835401482
    27.8713147379
    50.2964204821
    92.8537757029
   175.7653455265
   342.2188818131
   688.1208369075
  1436.3529939808
  3133.5826395981
  7212.6195658768
 17785.7640392333
 48960.0951881516
193114.1639804828

Erange 39810.7171 63095.7344

    0.2355220081
    0.7651822091
    1.4906952820
    2.6157499609
    4.4816033113
    7.6956223545
   13.3796135198
   23.6669781575
   42.7300016735
   78.9748640213
  149.9100635083
  293.4148427499
  595.1490177831
 1259.2756915630
 2804.5563567232
 6661.1411056968
17275.6642538048
53533.7599518919
     1.9219707317
     2.4038680944
     3.5315804977
     5.6883329976
     9.6279599201
    16.8013199797
    30.0297744582
    54.9168858270
   102.8974582845
   198.0610262307
   393.0597815954
   807.9952210754
  1730.9124526674
  3895.3876210360
  9313.3017569261
 24071.4605429712
 69971.7456507555
285963.0690823172

Erange 63095.7344 100000.0000

    0.2384616686
    0.7763351592
    1.5184933099
    2.6797305576
    4.6238535043
    8.0057934404
   14.0499722283
   25.1159188639
   45.8864406229
   85.9540713474
  165.6811725013
  330.1032393222
  683.7489576188
 1483.6886247386
 3408.8583994988
 8424.1608691743
23007.3432750974
75782.0957769269
     1.9469541923
     2.4484363362
     3.6271845041
     5.8963962866
    10.0759436743
    17.7609953378
    32.0927518403
    59.3997809963
   112.8075416349
   220.4840432487
   445.3242248744
   934.4169592830
  2051.1411815133
  4754.7601291785
 11795.5556775618
 31963.0373740802
 98560.8603300236
422240.8259125394

Erange 100000.0000 158489.3192

     0.2410368982
     0.7861587868
     1.5431817821
     2.7370748950
     4.7525602796
     8.2892459554
    14.6692410287
    26.4705287076
    48.8772693613
    92.6688856716
   181.1244697390
   366.7779192337
   774.5240117773
  1720.6415266876
  4071.6759950232
 10457.6691763640
 30102.0442728670
106139.1139851386
     1.9688717573
     2.4879807113
     3.7129721828
     6.0850089881
    10.4862498469
    18.6497210676
    34.0265652980
    63.6592762971
   122.3685011533
   242.4967695294
   497.6753652172
  1064.0821761015
  2389.0589588199
  5693.9690002081
 14632.7716011749
 41542.8756609519
136346.0742504398
620600.6357780038

Erange 158489.3192 251188.6431

     0.2432619449
     0.7946872917
     1.5647715433
     2.7876236877
     4.8669588725
     8.5434066929
    15.2298395498
    27.7098726148
    51.6465368692
    98.9719314921
   195.8527915159
   402.4164381274
   864.7498279401
  1962.8422768879
  4773.9608309881
 12719.7034428840
 38577.3110893259
146600.2469297225
     1.9878327753
     2.5225312917
     3.7886644717
     6.2529140636
    10.8548239635
    19.4558664400
    35.7996481937
    67.6119953761
   131.3624877042
   263.5299994850
   548.6149219608
  1193.0016942795
  2733.9412642533
  6684.3978693826
 17754.7202893570
 52720.9679695289
184474.0097549731
905316.1910334521

Erange 251188.6431 398107.1705

     0.2451483463
     0.8019477304
     1.5832664989
     2.8312249320
     4.9663414572
     8.7658865407
    15.7246398040
    28.8139006699
    54.1393916659
   104.7144822098
   209.4610558075
   435.8986297272
   951.2536527997
  2201.0294283516
  5487.9035786263
 15127.5077224134
 48255.1157456922
198725.3328400740
      2.0039254651
      2.5521059930
      3.8540019382
      6.3989622653
     11.1779286325
     20.1685457731
     37.3818682463
     71.1764172917
    139.5702311295
    282.9901494567
    596.5096927657
   1316.5702025323
   3072.3924881061
   7685.7784941115
  21038.1983744905
  65151.8935038286
 242901.2154403277
1303987.3158731237

Erange 398107.1705 630957.3445

     0.2467004714
     0.8079424318
     1.5986176092
     2.8676239353
     5.0498072508
     8.9539328047
    16.1457974483
    29.7610040027
    56.2970532962
   109.7362513524
   221.5056703986
   465.9642102224
  1030.3164318887
  2423.6586644370
  6175.3097968664
 17545.3905044697
 58644.6998844053
262349.5355201925
      2.0171786131
      2.5766368815
      3.9085782866
      6.5217412888
     11.4513430229
     20.7759315762
     38.7410351281
     74.2657484985
    146.7566743957
    300.2305528206
    639.5335576590
   1429.4383251659
   3387.9710205874
   8644.4308008131
  24294.9520007193
  78130.6719961113
 309272.8829772102
1836672.2724960377

Erange 630957.3445 1000000.0000

     0.2479043465
     0.8126051725
     1.6106084437
     2.8961875075
     5.1156231407
     9.1029809354
    16.4815089090
    30.5207678579
    58.0405148220
   113.8282135801
   231.4177053495
   491.0024873929
  1097.1327849068
  2615.3678104760
  6782.3460815555
 19759.8016099036
 68748.0213694755
332693.2927800001
      2.0274657496
      2.5957874516
      3.9514249649
      6.6186303814
     11.6682476298
     21.2605614413
     39.8324760307
     76.7645599323
    152.6177644235
    314.4273219780
    675.3675067301
   1524.7480488226
   3659.0634875779
   9486.3930778007
  27242.9706639174
  90415.6234982203
 377083.0108753733
2482224.2565597002

Erange 1000000.0000 10000000000000000000000.0

     0.2486962389
     0.8156785270
     1.6185362696
     2.9151361757
     5.1594380684
     9.2025782953
    16.7067673371
    31.0329331347
    59.2220572229
   116.6184822963
   238.2260558545
   508.3527087463
  1143.9414765189
  2751.5732921866
  7221.9420808846
 21409.0370770990
 76639.4187883099
394130.5446098520
      2.0342361225
      2.6084438017
      3.9798573972
      6.6831653717
     11.8132780151
     21.5859634089
     40.5687515614
     78.4591739626
    156.6167595133
    324.1824429934
    700.1979130054
   1591.4682310233
   3851.2772961322
  10093.3897252770
  29417.6028706925
  99796.0465351341
 432115.3532737478
3093302.1448725164

