Published in J. Chem. Theory Comput. 2021, 17, 3, 1662-1677
Grids with 20 points for different energy ranges (Erange)
Structure:
Line 1     |
.          |
.          |   Frequency grid points
.          |
line 20    |-------------------------------
line 21    |
.          |
.          |   Weights
.          |
line 40    |
####################################################################

Erange 0.0000 39.8107

  0.1259109480
  0.3861703090
  0.6724232505
  1.0043127205
  1.4051203700
  1.9036063148
  2.5363257747
  3.3506737777
  4.4090140769
  5.7944469634
  7.6191667188
 10.0371978610
 13.2651939300
 17.6195574163
 23.5900215761
 32.0037169556
 44.4441799334
 64.5299314803
103.0709621715
214.2378885785
  1.0128675296
  1.0808186695
  1.2221980468
  1.4483179456
  1.7771645475
  2.2348934330
  2.8581886743
  3.6977951053
  4.8237859184
  6.3336557813
  8.3654678679
 11.1209068882
 14.9095176408
 20.2421704270
 28.0491460570
 40.2481333250
 61.4475567777
105.2396406746
227.1442363764
879.1417316771

Erange 39.8107 63.0957

  0.1269005661
  0.3893436383
  0.6784223260
  1.0143054963
  1.4209575480
  1.9280640442
  2.5734629819
  3.4063474143
  4.4916150233
  5.9159470021
  7.7966091574
 10.2948349674
 13.6376091270
 18.1564082014
 24.3637900705
 33.1239654661
 46.0884630118
 67.0263507212
107.1915270177
222.9766291753
  1.0209189060
  1.0905247630
  1.2354440535
  1.4674710893
  1.8053760802
  2.2764911488
  2.9192110081
  3.7867331377
  4.9526246804
  6.5193488091
  8.6320568315
 11.5026606910
 15.4558538652
 21.0261510236
 29.1842857065
 41.9274301678
 64.0510985724
109.6996665288
236.6635224289
915.4739377571

Erange 63.0957 100.0000

  0.1357641163
  0.4179192274
  0.7329685667
  1.1062958971
  1.5687627756
  2.1595835272
  2.9300528201
  3.9485726796
  5.3076024137
  7.1334704522
  9.6005791161
 12.9527334837
 17.5369957005
 23.8619706227
 32.7096962762
 45.3806595917
 64.3178404052
 95.0214541298
153.8131079680
322.4111988656
   1.0931306031
   1.1788166742
   1.3583455500
   1.6486589992
   2.0769745575
   2.6834584997
   3.5254424165
   4.6837156169
   6.2718182500
   8.4500187236
  11.4472299126
  15.5977311656
  21.4086009685
  29.6980530991
  41.9153403904
  60.9794535925
  93.8233445225
 160.8682489123
 345.7450460078
1330.4173461724

Erange 100.0000 158.4893

  0.1442641242
  0.4455962130
  0.7867389265
  1.1990166749
  1.7214055840
  2.4047006583
  3.3170752787
  4.5517789824
  6.2380239111
  8.5566313768
 11.7629305743
 16.2211573457
 22.4583380664
 31.2545958197
 43.8107754357
 62.1055966131
 89.7947529229
134.9745643082
221.4521500231
468.1988031284
   1.1625566529
   1.2659127165
   1.4838936355
   1.8400398909
   2.3725710049
   3.1387350047
   4.2217169463
   5.7410335803
   7.8679845970
  10.8488705619
  15.0408968917
  20.9705794327
  29.4366484330
  41.7127745414
  60.0048373005
  88.6446141571
 137.7424356652
 236.9216058126
 507.7075717646
1942.9876652214

Erange 158.4893 251.1886

  0.1523871193
  0.4723138842
  0.8395718529
  1.2921447814
  1.8783954111
  2.6629395089
  3.7347133228
  5.2184529843
  7.2913406554
 10.2074706737
 14.3343133417
 20.2081010303
 28.6205601839
 40.7620102201
 58.4790922054
 84.8055146240
125.2688527965
191.8905473212
319.5839586228
682.2286414937
   1.2290753072
   1.3515333610
   1.6115542262
   2.0408878057
   2.6916678506
   3.6432266355
   5.0130359092
   6.9734098100
   9.7767190779
  13.7937179164
  19.5729418802
  27.9361115105
  40.1411564906
  58.1898508948
  85.4950894157
 128.5901182659
 202.3706984176
 350.0167137274
 748.7012397157
2849.2547084331

Erange 251.1886 398.1072

  0.1601228422
  0.4980176696
  0.8913020409
  1.3853146572
  2.0391058152
  2.9335059059
  4.1825289365
  5.9500467522
  8.4746032449
 12.1067982116
 17.3662784853
 25.0299138018
 36.2713280073
 52.8904599258
 77.7186693777
115.4249678330
174.4394828747
272.7651967250
461.8753196156
996.7329397045
   1.2925883336
   1.4353930735
   1.7407096301
   2.2502331460
   3.0332406481
   4.1968841771
   5.9029343225
   8.3938094523
  12.0326809351
  17.3656106830
  25.2191754400
  36.8577222944
  54.2482983795
  80.5438096660
 121.0848617315
 185.8790092860
 297.1345838408
 518.1387632459
1107.9000217962
4192.5232373369

Erange 398.1072 630.9573

   0.1674639042
   0.5226588237
   0.9417618153
   1.4781223077
   2.2027777250
   3.2152738381
   4.6593895400
   6.7467507396
   9.7928982538
  14.2730420615
  20.9092134404
  30.8082477879
  45.6841530199
  68.2270972828
 102.7495145884
 156.4372036433
 242.2269071424
 387.3009768202
 667.9583966251
1459.1166921510
   1.3530187944
   1.5172034625
   1.8706686579
   2.4668713715
   3.3957148864
   4.7985741830
   6.8930970282
  10.0125429643
  14.6678096853
  21.6457961259
  32.1671834057
  48.1442543585
  72.6159330075
 110.5266094571
 170.2779090243
 267.3993126925
 435.4332084994
 767.7560519275
1643.9427511161
6186.6566786109

Erange 630.9573 1000.0000

   0.1744055755
   0.5461945710
   0.9907836836
   1.5701323718
   2.3685297636
   3.5067861891
   5.1634176361
   7.6072911442
  11.2487838039
  16.7209465095
  25.0097425978
  37.6656120879
  57.1524810135
  87.4369735604
 135.0247978222
 210.9357218659
 335.0887765226
 548.8297074222
 965.8928158069
2138.9833882009
   1.4103098873
   1.5966781900
   2.0006811501
   2.6893826585
   3.7769652240
   5.4459848539
   7.9830055742
  11.8363296706
  17.7092547357
  26.7117546403
  40.6098780198
  62.2421718554
  96.2320237752
 150.2601580017
 237.5343600835
 382.3672411677
 636.0786583590
1137.5601908451
2444.4756335483
9150.9040018702

Erange 1000.0000 1584.8932

   0.1809456125
   0.5685883929
   1.0382033841
   1.6608870261
   2.5353741772
   3.8062691357
   5.6919670161
   8.5287653630
  12.8417471879
  19.4601741543
  29.7076389728
  45.7194259761
  70.9800906456
 111.2524248257
 176.2356333712
 282.7157502276
 461.3704159513
 775.4692230652
1395.5364998561
3138.3057216464
    1.4644241052
    1.6735385138
    2.1299551734
    2.9161605854
    4.1743371912
    6.1355746116
    9.1696422430
   13.8673807891
   21.1771109497
   32.6323755245
   50.7365403285
   79.6217668091
  126.2010745993
  202.2497473792
  328.4070956069
  542.8836147994
  925.1032646722
 1683.6347382398
 3640.1968797433
13561.8619005399

Erange 1584.8932 2511.8864

   0.1870840888
   0.5898103071
   1.0838630435
   1.7499159418
   2.7022372135
   4.1116595543
   6.2416284811
   9.5065296334
  14.5677232782
  22.4938905301
  35.0323552342
  55.0745879604
  87.4672720594
 140.4525143573
 228.2964990598
 376.3294524379
 631.6633810568
1091.5209452566
2013.0813901917
4606.0607952045
    1.5153424010
    1.7475188116
    2.2576756093
    3.1454480357
    4.5846906991
    6.8625694588
   10.4472769871
   16.1025695114
   25.0820920364
   39.4624455752
   62.7213539497
  100.7564598988
  163.7146360309
  269.3668506541
  449.6361840094
  764.4980001265
 1337.9263777143
 2486.4236202855
 5425.3443569498
20130.9171590642

Erange 2511.8864 3981.0717

   0.1928232168
   0.6098370695
   1.1276142051
   1.8367466956
   2.8679828752
   4.4206444543
   6.8082670014
  10.5341518074
  16.4187154155
  25.8174303643
  40.9993521587
  65.8147465562
 106.8925450213
 175.8303757027
 293.3032339080
 497.0925219316
 859.1265651137
1529.0748754355
2897.0214546319
6759.1319879846
    1.5630632346
    1.8183716954
    2.3830231149
    3.3753784856
    5.0044637785
    7.6210128285
   11.8073602310
   18.5327598829
   29.4233083223
   47.2367423815
   76.7097193348
  126.0947535462
  210.0022612630
  354.7879729555
  609.1643612723
 1066.7008822939
 1921.7934469415
 3659.8280271676
 8087.2246443426
29919.4892744140

Erange 3981.0717 6309.5734

   0.1981671583
   0.6286522669
   1.1693205703
   1.9209151364
   3.0314389534
   4.7307109473
   7.3870906654
  11.6034394738
  18.3825596706
  29.4171592952
  47.6064716743
  77.9926642624
 129.4901260752
 218.1469213874
 373.4552321209
 651.0137298915
1159.6977452627
2129.7183469688
4155.7749437679
9911.8791560826
    1.6076014693
    1.8858724701
    2.5051926051
    3.6040207526
    5.4297539382
    8.4038685818
   13.2385392300
   21.1423640357
   34.1863395494
   55.9641406401
   92.8029865388
  156.0251656718
  266.2603928890
  461.8759303693
  816.0270947133
 1473.2211791595
 2738.2704298807
 5362.5773290696
12048.0830435697
44510.1730343481

Erange 6309.5734 10000.0000

    0.2031218247
    0.6462462895
    1.2088603412
    2.0019752741
    3.1914242010
    5.0392046981
    7.9727498478
   12.7045494317
   20.4428681407
   33.2696501242
   54.8306596527
   91.6202889949
  155.4239582565
  268.0705601158
  470.9344530707
  844.6144597564
 1552.0923073001
 2946.1351627706
 5937.0263493006
14517.4662087420
    1.6489871239
    1.9498227797
    2.6234105312
    3.8294252117
    5.8564135265
    9.2031743743
   14.7268081070
   23.9091876759
   39.3418008460
   65.6222352803
  111.0426168303
  190.8354951725
  333.5587144102
  593.9919939986
 1080.0646921477
 2011.9586154954
 3865.3870725198
 7811.5939316576
17923.1487447533
66260.1868631203

Erange 10000.0000 15848.9319

    0.2076946712
    0.6626161815
    1.2461280931
    2.0795083155
    3.3467754797
    5.3433942907
    8.5594629906
   13.8261791453
   22.5791771414
   37.3412855416
   62.6253786422
  106.6593566271
  184.7598316401
  326.1043517778
  587.7367836345
 1084.6044612970
 2057.4542275426
 4043.2257409287
 8438.5018744404
21224.7065868862
    1.6872640001
    2.0100533533
    2.7369503545
    4.0496694905
    6.2801546405
   10.0102391012
   16.2557923642
   26.8046065280
   44.8445862435
   76.1530394782
  131.3951245205
  230.6689569376
  412.7265489281
  754.2327131299
 1411.4050443838
 2714.3369536829
 5398.7747422244
11296.2739081142
26598.5871477157
98675.2596644242

Erange 15848.9319 25118.8643

    0.2118944881
    0.6777653755
    1.2810361314
    2.1531305367
    3.4963737517
    5.6405385689
    9.1411634613
   14.9558347768
   24.7673122843
   41.5883781119
   70.9190515026
  123.0135055190
  217.4378631837
  392.5043637360
  725.4566036406
 1377.3858251100
 2698.5005149519
 5498.1793789442
11919.2274466994
30954.5853401832
     1.7224882151
     2.0664258158
     2.8451457464
     4.2629017528
     6.6966585684
    10.8158749540
    17.8071584755
    29.7940927180
    50.6339368968
    87.4603105519
   153.7393936631
   275.4809166516
   504.2257613862
   945.0945458288
  1819.6784902972
  3613.8404158607
  7450.8619346545
 16191.3024590237
 39331.4313807174
146958.1678729612

Erange 25118.8643 39810.7171

    0.2157311928
    0.6917033227
    1.3135153140
    2.2224997541
    3.6391678673
    5.9279538183
    9.7116603530
   16.0801643167
   26.9799656029
   45.9578633431
   79.6148348808
  140.5229466081
  253.2482417409
  467.1956448831
  885.0332490379
 1728.3725045964
 3497.9973576083
 7398.7092173577
16709.1981473138
45000.1876082966
     1.7547266664
     2.1188335707
     2.9474011823
     4.4673798811
     7.1016845273
    11.6106520879
    19.3611291677
    32.8380819765
    56.6344216470
    99.4089799085
   177.8580410913
   325.0009305961
   608.0208614767
  1168.0825768548
  2312.9551753314
  4743.5139603818
 10146.9336531702
 22963.7471421176
 57868.7407922740
218807.0549080154

Erange 39810.7171 63095.7344

    0.2192156233
    0.7044450277
    1.3435153426
    2.2873202215
    3.7741952347
    6.2030776480
   10.2648049507
   17.1853387712
   29.1874616125
   50.3885749124
   88.5919327987
  158.9626621455
  291.8135198097
  549.6947815602
 1066.4779436918
 2141.1398124295
 4476.4416182980
 9838.4739747345
23213.6868804435
65151.4009423845
     1.7840554543
     2.1672017936
     3.0431997238
     4.6615051350
     7.4911725652
    12.3851622253
    20.8970761582
    35.8931427593
    62.7578400810
   111.8270113031
   203.4343504082
   378.7052945180
   723.4608508979
  1423.2953536606
  2896.4421808784
  6132.2941136197
 13616.7390411918
 32167.8374874782
 84572.7801632387
325563.0527595172

Erange 63095.7344 100000.0000

    0.2223593365
    0.7160104959
    1.3710045231
    2.3473458260
    3.9005985662
    6.4635265029
   10.7946537888
   18.2574594876
   31.3586705358
   54.8130551725
   97.7085253614
  178.0448715187
  332.5806718161
  639.0498109294
 1268.6102343011
 2616.4570021816
 5648.9132599210
12908.6561876516
31906.1282358775
93839.3524028719
     1.8105582658
     2.2114865725
     3.1321078624
     4.8438490916
     7.8613357514
    13.1302765317
    22.3941547526
    38.9133790227
    68.9059682837
   124.5097889788
   230.0558926678
   435.8050666590
   849.1897786473
  1709.0334767783
  3571.0399146647
  7800.2118464843
 17980.5032206822
 44418.5182888584
122519.8051752950
483827.3937746807

Erange 100000.0000 158489.3192

     0.2251743999
     0.7264240746
     1.3959689571
     2.4023813889
     4.0176378206
     6.7071435316
    11.2956181342
    19.2829645041
    33.4620068304
    59.1597882891
   106.8062028982
   197.4260723575
   374.8254450248
   733.8084918312
  1488.8412766093
  3151.3012801672
  7021.2225013706
 16684.8802704718
 43300.9079401097
134281.1640485176
     1.8343246662
     2.2516731580
     3.2137772157
     5.0131726351
     8.2087366594
    13.8373818285
    23.8319374199
    41.8519682742
    74.9739658411
   137.2268452893
   257.2252472509
   495.2532945059
   983.1026952454
  2021.4905118242
  4331.9240700358
  9752.7729077875
 23328.8365991932
 60333.5404765398
175509.4457887851
717661.3066997842

Erange 158489.3192 251188.6431

     0.2276731531
     0.7357135961
     1.4184109540
     2.4522815400
     4.1246957885
     6.9320321469
    11.7625864133
    20.2489974853
    35.4664224984
    63.3556550024
   115.7155366166
   216.7182690952
   417.6699249888
   832.0233789254
  1723.0429280637
  3737.9899273932
  8585.6829463727
 21209.2582814594
 57895.2187285435
190575.9542994310
      1.8554480772
      2.2877730071
      3.2879423569
      5.1684348197
      8.5303413133
     14.4985748534
     25.1909907444
     44.6626956914
     80.8541324864
    149.7303458687
    284.3771591099
    555.7725939956
   1122.3591050745
   2354.5842843688
   5167.3682189872
  11975.1276749389
  29697.2205526841
  80434.9681406833
 247880.2572729688
1061377.3701391425

Erange 251188.6431 398107.1705

     0.2298678597
     0.7439090418
     1.4383459843
     2.4969455846
     4.2212735432
     7.1365659265
    12.1909959596
    21.1436795177
    37.3422469292
    67.3282548830
   124.2619949335
   235.5028377060
   460.1111606215
   931.2948626365
  1965.5289986359
  4363.5712881704
 10317.0222044886
 26468.3105157871
 76068.5446535263
267643.9979562706
      1.8740227888
      2.3198185455
      3.3544124939
      5.3087862117
      8.8235371369
     15.1067801682
     26.4533078408
     47.3012641772
     86.4394844615
    161.7641376398
    310.8997465327
    615.8995691106
   1263.4545317981
   2699.9643658061
   6058.0123696192
  14426.8595635550
  37037.2542134509
 105005.7060808747
 343982.0179845195
1562532.2697360972

Erange 398107.1705 630957.3445

     0.2317700485
     0.7510399738
     1.4557963304
     2.5363041240
     4.3069661358
     7.3193529224
    12.5768033974
    21.9561647682
    39.0615903087
    71.0074199013
   132.2706017145
   253.3433260375
   501.0528595442
  1028.8375988339
  2209.1352589877
  5009.5351776990
 12168.9085083659
 32368.3192919116
 97929.7373340389
370783.5181135248
      1.8901383040
      2.3478526994
      3.4130507260
      5.4335327720
      9.0860833635
     15.6557189003
     27.6024247851
     49.7259706082
     91.6261655078
    173.0710067948
    336.1542795786
    674.0340513196
   1402.3274200607
   3047.1702882761
   6976.6463804558
  17038.0757572018
  45187.7594545697
 133903.8127551690
 467119.6897887355
2283508.9280953282

Erange 630957.3445 1000000.0000

     0.2333890581
     0.7571298941
     1.4707768561
     2.5702868743
     4.3813948677
     7.4791018389
    12.9162367883
    22.6762170794
    40.5977088756
    74.3245147117
   139.5659947180
   269.7891243878
   539.3206047916
  1121.5237110030
  2445.2937614702
  5651.6498426974
 14070.9556048806
 38708.8487085599
123101.4060453321
504378.9856062495
      1.9038668825
      2.3719058642
      3.4637251527
      5.5420357639
      9.3159181509
     16.1395608816
     28.6228452427
     51.8968873287
     96.3126763408
    183.3933281380
    359.4818324890
    728.4645906908
   1534.4324091954
   3383.7821446891
   7888.1966332195
  19706.4845945044
  53847.0250745351
 166339.2716123533
 617756.1685943529
3296673.8042060155

Erange 1000000.0000 1584893.1924

     0.2347285957
     0.7621830166
     1.4832616217
     2.5987456511
     4.4440379287
     7.6142619846
    13.2050488512
    23.2926888778
    41.9219491610
    77.2063667506
   145.9604846722
   284.3521315888
   573.6160193172
  1205.7881901886
  2663.7999676440
  6259.1271414639
 15924.1531545631
 45149.3493909428
150414.3665115355
668780.8356768836
      1.9152341793
      2.3919422432
      3.5061929469
      5.6334625700
      9.5106373965
     16.5518580831
     29.4978909941
     53.7715790248
    100.3914205460
    192.4565255718
    380.1711652710
    777.3060073008
   1654.6142539137
   3695.1247042311
   8748.7403366952
  22292.3724563474
  62538.6819686706
 200593.3984531782
 790662.5008650041
4659301.9175803484

Erange 1584893.1924 2511886.4315

     0.2357781093
     0.7661512933
     1.4931009697
     2.6212624135
     4.4938030010
     7.7220944271
    13.4365262359
    23.7892781833
    42.9946916657
    79.5557900186
   151.2116028383
   296.4123436206
   602.3006519149
  1277.1126677260
  2851.4940846228
  6790.8481282794
 17587.6782023219
 51145.1440396751
177408.3707822431
853251.1431539041
      1.9241457710
      2.4077268739
      3.5398126196
      5.7061595924
      9.6661502816
     16.8826921810
     30.2036638403
     55.2922649295
    103.7211376771
    199.9089723711
    397.3249114941
    818.1927571336
   1756.3760404356
   3962.4113638621
   9500.3138209002
  24601.4970318460
  70538.3054097922
 233559.8695022533
 970238.0468563093
6333885.2743592681

Erange 2511886.4315 10000000000000000000000.0

      0.2364886282
      0.7688424305
      1.4997911926
      2.6366169929
      4.5278405268
      7.7960805593
     13.5958884158
     24.1324404317
     43.7391054270
     81.1938734624
    154.8927412343
    304.9202507756
    622.6876258795
   1328.2630126330
   2987.6096163208
   7182.0308525608
  18835.5904803495
  55773.4795370985
 199279.3568580006
1020562.8243189778
      1.9301816263
      2.4184564002
      3.5627476973
      5.7559139938
      9.7729317649
     17.1106484464
     30.6918240292
     56.3485340932
    106.0449611467
    205.1381301702
    409.4358251046
    847.2686348259
   1829.3649688630
   4156.1314670872
  10052.1812491265
  26326.1067284881
  76654.5060782488
 259667.8790071364
1121554.1995775967
7981755.3419420300











