############################################################
Minimax frequency grids extracted from the CP2K code
Published in J. Chem. Theory Comput. 2021, 17, 3, 1662–1677
Grids with 26 points for different energy ranges (Erange)
Structure:
Line 1     |    
.          |
.          |   Frequency grid points
.          |
Line 26    |-----------------------------
Line 27    |    
.          |
.          |   Frequency grid points
.          |
Line 52    |
############################################################

Erange 0  799.0

0.13642311899920728
0.4200545572769177
0.7370807753440111
1.1133066772659823
1.5801544604816498
2.1776122735126364
2.958051608229127
3.9913517870782127
5.371912501848569
7.228355464212482
9.73704628190353
13.14105442578561
17.776888498885384
24.112423571820134
32.80110412846477
44.760201041042265
61.285574367976004
84.22431526497385
116.24572841708785
161.2969910194418
225.45259795885693
318.7313048003067
459.67927623297453
689.4586002694374
1129.2608611575954
2384.899332663137
0.27462662125713716
0.2963690140650455
0.34194449526494647
0.4156960072544763
0.5246016522241007
0.678958500149969
0.8934517120897347
1.1887228663585705
1.5936139137203535
2.1483557077661164
2.9090998337926104
3.9543808256482187
5.394380930104983
7.384320521229908
10.144053822937831
13.98732687567056
19.366933030106217
26.948262498364663
37.739388497689305
53.348600455664965
76.56744981421966
112.8945538518047
175.19453971323657
301.19411259128674
645.6383267719649
2472.504957810595

Erange 799.0  995.0

0.13925292153649474
0.4292451559612877
0.7548554587233549
1.1437833384686722
1.6300177124420845
2.2571802345230276
3.0828977198982144
4.1847303613644495
5.668362141207399
7.679038990085008
10.417660954546289
14.163558801605095
19.30691297965789
26.395168657294754
36.199950721972876
49.8144257942317
68.79692224946095
95.38754743793149
132.8473999791564
186.0241881676569
262.3929640997449
374.2539456946303
544.2375437714703
822.2186120363165
1354.4009319403576
2870.8477591124674
0.28040112472679574
0.30356564912420003
0.3522269185689752
0.43123890171761686
0.5484284775560514
0.7154038747678296
0.9488235797546415
1.2722683343829815
1.7189393959653365
2.3355248974949743
3.1877439258332987
4.368323267393725
6.008533513106221
8.294995170661158
11.494429371223015
15.990739727277512
22.342169324408708
31.373674894712472
44.337963681573235
63.228794541463415
91.4807612744294
135.78931506653154
211.68822580031673
364.5832859080767
780.7919711700442
2983.4784258039044

Erange 995.0 1293.0

0.14255313239112444
0.44000221057671707
0.7757923584694003
1.1799690097399198
1.6897357815984675
2.3533173555606655
3.235072042865805
4.422504788444178
6.036065942606674
8.242988234525232
11.27697154139003
15.466358681870163
21.274694591939472
29.359452647866682
40.65762974807096
56.51155510141434
78.85603619054034
110.50208558142461
155.58114995208211
220.28032446631136
314.1757282936284
453.002579503336
665.5199679038552
1014.5604898901777
1683.22275383598
3584.316130956811
0.28714175969757383
0.31204447582876227
0.364492437091783
0.4499982622781763
0.5774890351263188
0.7602856703230421
1.0176474576111718
1.3770666782034746
1.8776058066032693
2.5747281832062225
3.5472996309663594
4.907773444426638
6.817081323539761
9.506552191680779
13.31048343115922
18.71524624188938
26.435090191201706
37.53395349827001
53.63476429545202
77.3183278694657
112.99764481556716
169.1712283981583
265.33605383413214
458.1910477032067
980.4158381921823
3736.258588894085

Erange 1293.0 1738.0

0.1461752355773306
0.45185762356828396
0.7990360544025357
1.2205083800767933
1.7572993236504337
2.4631760346842047
3.4107040936751862
4.699662235621062
6.468947005916596
8.913592437239087
12.309286000158947
17.047905694553386
23.689335953611156
33.03746908843982
46.25240948793399
65.01743260557059
91.79007233646534
130.18588342772145
185.58109233196095
266.1051496392308
384.41585349757804
561.3175220599338
834.5950790025629
1285.9791179040656
2151.82484272534
4607.654058324236
0.2945477387281676
0.3214595830325172
0.37830480422867613
0.4714034978877635
0.611040549973395
0.8126695125533263
1.0988217520443189
1.5019658160165765
2.06870896475044
2.8659496939699607
3.9899051060400774
5.579409370592633
7.835605731464965
11.051295593199974
15.655055606015468
22.278373441162756
31.859818549870184
45.8120996920796
66.3057001417783
96.79792736663595
143.16536816614507
216.57964119429673
342.31559687568875
593.3221880856304
1268.7961696472178
4820.528614472729

Erange 1738.0 2238.0

0.1491837006061548
0.46174475862674996
0.8185592742668346
1.2548602679290635
1.8150957152976515
2.558059962915574
3.563852447313441
4.943651210588896
6.8536849594075475
9.515417267221789
13.244928718595732
18.495967806145995
25.923415200427836
36.47741618080311
51.54392422008612
73.15615247652946
104.31586449506281
149.48862759379944
215.38537956732102
312.2481145191122
456.12776079236704
673.453709288462
1012.0267276035421
1574.3691121807644
2654.80297068303
5713.432382523477
0.30070547042796897
0.329369148940076
0.3900659972080265
0.4898601972791792
0.6402960685231848
0.8588226443075349
1.1710637934386325
1.6142423603884266
2.242256373868115
3.133186411937803
4.400427168655394
6.20926516954263
8.801701004315937
12.533857850605154
17.932816993690953
25.783927946483768
37.26719820010372
54.17638997139517
79.2886731198742
117.0433439522649
174.96435451384102
267.2144601065969
425.4335136047249
740.2128400786926
1582.657563073928
5997.255668095278

Erange 1738.0 3009.0

0.15260234927102537
0.47302539641929003
0.840991102837249
1.294672645194693
1.8827021467743683
2.6700932738662866
3.7463755633773785
5.2371602474102446
7.32087360313924
10.253221414128866
14.403238412842787
20.306771564613143
28.74634048361317
40.87115597284819
58.378725955266525
83.7917688772186
120.88443420446742
175.34684950976114
255.8424057631557
375.7503122503565
556.2295831578734
832.2606405042899
1266.9035893238452
1994.1233884282024
3394.9032163950633
7352.339298447235
0.3077100277629248
0.33845848997185407
0.4037598644074573
0.5116119745332622
0.6751498929108865
0.9143651994460601
1.2588616224335032
1.75204662427369
2.4574104002902457
3.4679202527071955
4.920122312459791
7.015412894339497
10.052310636158587
14.475746343180617
20.952944399378328
30.491434160561496
44.62526181307512
65.71573855063913
97.45740287039392
145.7937686814701
220.7911788117634
341.2160648337932
548.3643432689413
959.1555990081102
2051.35284281865
7749.544195896773

Erange 3009.0 4377.0

0.15677016271388225
0.4868453590049744
0.8687054372436632
1.3443711902060458
1.9680308145076961
2.8130758201236987
3.981916598375189
5.620150667525299
7.937365822573636
11.238009575994626
15.967571787550442
22.782179390039534
32.65420224580025
47.03362680645636
68.09645542153785
99.13012280380028
145.13706650883265
213.79117632911775
316.97982833553084
473.36316641843865
712.8558730426033
1085.3059686529182
1680.4570998839688
2686.878722527825
4633.878278204835
10122.376598223758
0.3162602891789823
0.3496899146467389
0.4209457453791445
0.5393025302878296
0.7200886783450724
0.9868388578481941
1.3747701483151744
1.9361268964127185
2.748293611495538
3.9261112821432245
5.640652928475169
8.14800606157719
11.833678475242102
17.28159907773421
25.382209512440305
37.50344417920538
55.76466551122398
83.48401940950261
125.93307609242711
191.6876355183379
295.31901285869344
463.7601116874953
755.1838770980437
1331.5355795873638
2851.124163900499
10729.678598478598

Erange 3009.0 6256.0

0.16057542542593983
0.49952962028824754
0.8943731123892699
1.3909076292240965
2.048865907808532
2.950126882998398
4.2103425278857385
5.995954911767919
8.549525380892058
12.227842251849554
17.559745488437873
25.33455063970661
36.7382813247586
53.565155655152715
78.54849962850257
115.8829384695536
172.05630085125
257.19020516627944
387.2342312585102
587.6466072063987
899.8509121387558
1393.5887995892674
2194.6568910457167
3565.0884460947423
6230.642206140841
13732.602514515214
0.32407734329056537
0.3600930324125088
0.43712641231000066
0.5657644526879636
0.7636093738551866
1.0579110134655951
1.4898487496937127
2.121183742243155
3.0444831771204277
4.398856321226892
6.39429509803701
9.349562092561689
13.751584428416358
20.349284881552315
30.303092531346753
45.425519514426874
68.57296149770674
104.29448877473207
159.93517513497875
247.604939611224
388.0261636148984
619.3536447537377
1022.6891506041642
1819.6861630933722
3904.600906393468
14642.034530501202

Erange 6256.0 9034.0

0.16432089011213946
0.5120783448939726
0.9199886972681118
1.437840597555715
2.1313000192264977
3.0914596821926974
4.448548492729215
6.392274593692749
9.202519740089308
13.296161754347343
19.29914269890146
28.158315667958256
41.31644063618593
60.98825519945388
90.59976907891678
135.49373172032819
204.0739991922362
309.6835071732142
473.73172471065976
731.0162782781778
1139.1233191834983
1796.2958792734264
2880.674779835234
4760.907205234219
8443.643014901543
18797.512140801202
0.33178166646984186
0.3704756224159047
0.4535273760622626
0.5929656383094599
0.8089125230587538
1.1327811095321214
1.6125162306884913
2.320823479534045
3.3679786225905852
4.921818456475184
7.239122346149252
10.715224167142727
15.963061445035835
23.94020351071544
36.154875568991734
55.00354905209596
84.33076754977621
130.3718204724196
203.3763607524491
320.5163292162362
511.499766113826
831.0632228122023
1393.996082618058
2507.6502273684464
5398.730047404666
20174.243482162154

Erange 9034.0 15564.0

0.16955168876185606
0.5297128492681893
0.9563682595025127
1.5053456637551013
2.251458851423233
3.30025374096381
4.805213971653435
6.993792120211177
10.207452358120111
14.963970947103403
22.05530884512796
32.702779510861056
48.80530736719183
73.34037086293017
111.01793202252156
169.3581666315736
260.4877531652313
404.17142433017716
633.0038005727723
1001.4735710632112
1602.2710504984482
2597.339796633601
4284.439326490744
7277.272159321957
13217.442145549
29915.954039362532
0.34255855985607125
0.3852211686852873
0.4772548827347379
0.6329784737782622
0.8765598435301294
1.246188563782287
1.800992159648441
2.6320669330081983
3.8799679680225974
5.762558150515838
8.61966780966633
12.985306239805702
19.705483921340985
30.13234025723871
46.44736905029676
72.20575596588289
113.2647934625349
179.39118814888906
287.0985893630822
464.81061857234823
762.7938761510428
1274.5462739445218
2193.7537015644107
4023.287609783773
8726.293698066565
32456.229019326278

Erange 15564.0 19500.0

0.17161078656390408
0.5366905364814994
0.97088881076514
1.5325699975422944
2.300445459098221
3.386304928549832
4.953814656226931
7.2471781401179225
10.635564848787308
15.682784328062063
23.257647540954054
34.710448891778356
52.15789633691571
78.94769861589022
120.42398853039909
185.20235595500606
287.3191078945018
449.9016881055523
711.5314989639854
1137.4846615524127
1840.156204841028
3018.1229428253846
5039.367148043016
8662.764242204496
15902.181332715702
36264.30820408944
0.3468065253991383
0.3911064628011852
0.48686770710592453
0.649407004504934
0.9046709269666874
1.2938615472397417
1.8811396766420316
2.7659895528533784
4.102970732081106
6.133424978400673
9.236763352774814
14.014155411820974
21.42640568242634
33.02345872650458
51.33068406408745
80.5068763005674
127.47998440706951
203.93737778272407
329.88071553711586
540.1552172919626
897.0521095218941
1517.2143251608513
2641.8070030495096
4889.503800534578
10648.322208945656
39537.49857015622

Erange 19500.0 22300.0

0.1728061198835349
0.5407506981101403
0.9793714038026303
1.5485484444330022
2.3293373186010964
3.4373065991570115
5.0423230776903445
7.398853217497418
10.89314740028624
16.11757919438818
23.988966085187993
35.93874008813103
54.22162060992446
82.42176042102257
126.29163129215709
195.15830646295916
304.3099266577351
479.10015694274045
762.1158665504651
1225.9324082258843
1996.438395305476
3297.6059283833983
5546.6394027927
9604.798156883016
17747.506304598486
40662.28777164996
0.3492740223484516
0.3945444048035226
0.4925209274047293
0.6591264626127379
0.9213922685098963
1.322366949443488
1.929314142208889
2.8469205908136956
4.238488142375349
6.360114867321287
9.616265458690265
14.650939404307358
22.498728594279285
34.837787125550584
54.418346394612065
85.79761930703064
136.61734637002158
219.8591273308433
357.9019839857931
590.021281618985
986.9076588661666
1681.5547940952313
2948.8741403686568
5489.390378606207
11987.379922744534
44468.08958434164

Erange 22300.0 24783.0
 
0.1737308948597355
0.5438966877521114
0.9859610380912929
1.560999073537973
2.3519219694926194
3.4773019976149877
5.11195442725365
7.518569316391805
11.09714005655843
16.463120094991794
24.572288754382765
36.922235617447974
55.880761448416834
85.22675085299979
131.05081429199765
203.27261201403803
318.2293711657402
503.152754643253
804.032555977885
1299.6927362845154
2127.667695664749
3534.0326704862105
5979.169285255363
10414.573972160117
19345.73831740431
44492.46471079593
0.3511837705016231
0.39721506693266434
0.4969316438045135
0.6667392102402926
0.9345354080893498
1.3448487389874917
1.967438938031642
2.9111947746582425
4.346509228913013
6.541503533662434
9.921152543346885
15.164693048542738
23.367741212788335
36.315072183771754
56.94501925463534
90.15017067236717
144.17713392303253
233.11210787240515
381.3788199371866
632.0944337435812
1063.2960978183357
1822.393451001988
3214.1964330189876
6011.5393853613305
13158.00196550311
48777.36298097777

Erange 24783.0 41198.0
 
0.17799130240706984
0.558445410809649
1.0166297309491044
1.6193831652945954
2.4586620686801695
3.667829742572521
5.446314891054136
8.098126747261656
12.093029411971516
18.164916061856836
27.47177125227526
41.85862387738217
64.29463269296241
99.6081132229676
155.73791067776023
245.8920402977068
392.3244219552829
633.0449562544749
1033.945999167842
1711.154006548549
2873.283514523331
4904.516412355985
8541.213772971501
15320.756510308098
29238.418877095413
68583.17313114721
0.35999057854489624
0.40964342132227255
0.517678596262729
0.702891167526621
0.9974953889055737
1.4534562037793455
2.1531958092699743
3.2271377404365795
4.882410917802139
7.450138129922876
11.464071575277625
17.792734308409212
27.864023043096953
44.05169019349174
70.34922266622794
113.5616876658134
185.44652039869408
306.62505535472695
513.8711614457693
874.0321926895938
1511.615678189863
2667.372553488233
4842.950527196566
9285.588160319077
20597.325965171356
76161.8596274348

Erange 41198.0  94407.0

0.18427327646299554
0.5800678142111884
1.062813174396542
1.7086710138090095
2.6245433407677226
3.9687456084576795
5.983088088759827
9.044214821988016
13.747180049983248
21.04333745984166
32.47068559616262
50.54348632696267
79.41986612597532
126.06149615339397
202.27775198215787
328.3861574350742
539.8798783942364
899.8005204338677
1522.1727316803415
2617.4198392181756
4582.775104882628
8188.716947049966
14986.46895717419
28322.082953313376
56826.75793518779
138481.00974898663
0.3730028368021069
0.428354171574684
0.549600032397171
0.7595995851576278
1.098014096850626
1.629865924998882
2.460250070930056
3.7589670939362154
5.801833730520023
9.040587178848838
14.222505427016364
22.59766467101562
36.28293067415338
58.9106289633826
96.80295342684235
161.1348984666336
271.99263116463095
466.14531748937003
812.2703291175023
1441.5731111728833
2611.4422570763995
4844.665731670444
9266.732583950343
18647.213606093355
42656.46566405554
157660.6216097217

Erange 94407.0 189080.0
 
0.1889166187549335
0.5961850834729495
1.097718788260886
1.7772527519739671
2.754100363430344
4.207746123352419
6.416725271991069
9.821987600643263
15.131996317599018
23.4995566780628
36.8234002615115
58.269695998899806
93.18703062085261
150.7367390335279
246.84666046331515
409.6601639519172
689.7883982951697
1180.0211938503542
2054.1392300559787
3645.406178397627
6610.227338646847
12282.21946267068
23479.16184253136
46536.49778293873
97988.005994822
248271.71627050647
0.3826418964555519
0.44249042636795055
0.5742647482387918
0.8042933870412514
1.1786909803221888
1.7740059766551828
2.7157599189739634
4.210014007474866
6.5973245402497005
10.445947244529027
16.71490137908719
27.043296616534693
44.27161732479843
73.39668617871985
123.35300047165461
210.40156572097126
364.7172011277595
643.5002779012159
1157.7720495453327
2128.791663589068
4011.0945220895405
7773.563988357228
15593.849284273198
32917.0364973997
78051.06376348506
289942.76429117593

Erange 189080.0 457444.0

0.194043824675455
0.6141201650984125
1.137056339966442
1.8556822490348746
2.9045171634501883
4.489491230295626
6.935918070559926
10.768297969516013
16.84551695032909
26.59345448264271
42.41124163468271
68.39190043336116
111.6218630548935
184.5662784702303
309.53243627996767
527.1995714305152
913.3020625088166
1612.1087655214071
2905.5631924229647
5360.760592207567
10156.351679516332
19836.90395856863
40153.56249059423
84945.40622185206
191879.29446083526
516853.91463486024
0.3933068197531215
0.45841433657798863
0.6026132459496706
0.8565818421331466
1.2746407100646033
1.948249294221966
3.029862020316641
4.774339119270673
7.611287961919275
12.27301847355483
20.02418710434074
33.08062796253295
55.38677548001659
94.08664339680347
162.36610582016837
285.0728404570405
510.11475389805196
932.2410214966416
1744.2541855756215
3351.323885452711
6636.946607638909
13613.456185258428
29125.998944110084
65928.95446339808
166172.86831676983
628359.6031461136

Erange 457444.0 2101965.0 

0.20097761439605452
0.6386142361636943
1.1916436123207983
1.9665277909771697
3.121155070595262
4.903104495370994
7.713190752815356
12.214218517736429
19.52076540766317
31.536135148981113
51.56105718002733
85.41349834924547
143.5295342840862
244.98992662983036
425.42112573916177
752.9079358406352
1360.9881333864396
2519.3466781523043
4791.042590791367
9397.53189950536
19109.699703842572
40556.572222445735
90659.45721129453
216333.95478046086
564416.1292362113
1760880.0389147545
0.4077664557826492
0.48049567628653145
0.6429124643807497
0.9325592299631679
1.4169440263827862
2.2120247106687776
3.515599466670522
5.666879358451872
9.253815059676851
15.309414383937733
25.677138365111702
43.7042055643289
75.58521070695693
133.0274420624619
238.67600100704755
437.47737171537983
821.2587051299821
1583.8578781748606
3150.0096236720124
6491.449657956827
13947.036522523289
31498.820504827483
75639.29476513214
196582.0757874882
575257.5915715584
2362446.5347060743

Erange 2101965.0 14140999.0
 
0.20658002404396444
0.6586140986839257
1.2369737792708104
2.060361497488803
3.3082012274969337
5.267442774090238
8.412127582372415
13.542811939893562
22.035981804979933
36.29881109275795
60.6146407237101
102.74788434800739
177.06018691028456
310.7136329238608
556.36637029124
1018.9766332082758
1914.422668305446
3702.980284069834
7407.809066534502
15417.95314386633
33651.57917590195
77878.97148771118
194227.98208713965
535582.0636490324
1709364.267502628
7045890.294848618
0.4194816618416714
0.49881572197479607
0.6772179216261252
0.9987160310392028
1.5435226281295777
2.451754987162261
3.9670946613559326
6.516517085204095
10.85773397839894
18.356701405781113
31.520492951672992
55.0435050002148
97.91266305771113
177.760944100452
330.14945470086406
629.0496827419165
1233.841581178721
2502.1075901274335
5274.877655599449
11644.098372122406
27178.121421602995
68003.68316809284
186203.45469776812
576894.7309753906
2152261.8479348915
11566361.80487531

Erange 14140999.0  10000000000000000000000.0

0.20878089337233605
0.6665236543193817
1.2550931614146674
2.0983237232110734
3.38481582751189
5.418564331713917
8.705828067862388
14.108794066294884
23.12322697734966
38.390182043454885
64.65856322054098
110.63583466643804
192.63262310028742
341.932785309222
620.1449956190338
1152.2653509765064
2200.646613149521
4337.910771163601
8872.44998086692
18961.533603283864
42748.40639563531
103069.49259277884
271388.86064721714
808265.503410061
2915885.1156875044
15257006.288806498
0.4240919425078822
0.5061337957364646
0.6911418800611648
1.0259473122312546
1.5963227579992894
2.5531163460188835
4.160724269135366
6.8864489147035135
11.567503857113842
19.729006828740097
34.20240654961173
60.35680029031647
108.61537925165752
199.75021678633257
376.3927619922551
728.9995944299609
1456.9587839825
3019.6115675071173
6531.619658687757
14871.950539519852
36069.05923591306
94800.92746541071
277390.3096379278
946568.3924295901
4140822.150621181
30376446.323901277
 
