############################################################
#Minimax frequency grids extracted from the CP2K code
#Published in J. Chem. Theory Comput. 2021 17 3 1662–1677
#Grids with 28 points for different energy ranges (Erange)
#Structure:
#Line 1     |
#.          |
#.          |   Frequency grid points
#.          |
#Line 28    |-----------------------------
#Line 29    |
#.          |
#.          |   Frequency grid points weights
#.          |
#Line 54    |
############################################################

Erange 0 1545.0

0.13575757270404953
0.4178973639556045
0.7329236428021971
1.1062108040376035
1.568601536611355
2.1592688100674207
2.9294121393197234
3.9472075381811034
5.304565115169143
7.126455157872397
9.58387216560659
12.911957380816203
17.435457004483258
23.60465355900629
32.04632634372974
43.63642652454945
59.604434449969176
81.68464372636545
112.33867792077912
155.0906277872644
215.05233203699643
299.80262448398395
421.01528178406727
597.918699882043
865.992956895906
1303.7011000121163
2141.5524242895876
4531.217316508373
0.27326920724684195
0.2946860969732406
0.33955686148055997
0.4121109865279064
0.5191386834268464
0.6706479068869163
0.8808905660301858
1.1698656397567786
1.5654653694813896
2.106516824061551
2.847090389745759
3.8626161289484946
5.258596350357734
7.183071722294598
9.844561359899942
13.538086075854713
18.68336222220931
25.881909474247266
36.00509685683712
50.336922172287224
70.82460332971439
100.57024668126095
144.9365352509728
214.43007706895824
333.52874619054023
573.9031161499247
1229.5973040920514
4703.444164101694

Erange 1545.0 2002.0

0.13875490228933057
0.4276255171652803
0.7517156037290086
1.1383835985980468
1.6211543280535077
2.24298954813131 
3.0605574074054775
4.150010628234262
5.614955400623468
7.597559757812928
10.294150717899024
13.977239772443514
19.02678365968016
25.97476748389089
35.56910288047172
48.86570866761254
67.36207051671413
93.19263977809487
129.41834545397384
180.464373940652 
252.8054276668391
356.10337604440286
505.2839065614399
724.884011732378 
1059.8824174872211
1608.9472923295727
2660.4222496990938
5652.953965854954
0.27938451496965105
0.3022942729129253
0.3504019114933159
0.42846797473594944
0.5441638095088057
0.7088566053659555
0.9388406258537662
1.2571515140355833
1.696177262039284
2.3013920551824687
3.1366969256786756
4.292078154026608
5.894629362616917
8.124486230083422
11.237991762535799
15.601617466229358
21.74214403705774
30.42206941171729
42.75588434748671
60.397316412895705
85.86308174160227
123.15573491240343
179.14126278900252
267.1160865820656
417.7474719630637
720.4456660885186
1542.1360738637661
5884.200372654236

Erange 2002.0 2600.0

0.14170133198228974
0.4372217263238123
0.7703667410153948
1.170561871979771
1.6741573415215183
2.328150315477383
3.1950959957750866
4.359823742790623
5.938793138824031
8.093266245009781
11.047988350138315
15.117836905873796
20.74603727817547
28.559241927240333
39.447320753058946
54.67958659957536
76.07517146731833
106.25479226978082
149.01700315289193
209.91049251369597
297.1309477297457
423.00157872210633
606.6410313436483
879.4603870251076
1298.7028908996313
1988.89250689582
3311.7439315777756
7068.809688414042
0.28540132117732764
0.30984707978323456
0.36129794839002666
0.44508976371473236
0.5698536211227944
0.7484481979075869
0.9994281881329805
1.349221631283907
1.8352885387908624
2.5106794264046326
3.4506197143865025
4.7620484853517535
6.597491611853674
9.175333108649932
12.809599627131021
17.954022803045103
25.267822915246338
35.715254750483545
50.719550256407835
72.40992923579321
104.04357266683634
150.80209138086602
221.51983619636096
333.11222703164094
524.1575321727823
906.5045080905089
1939.0883159241562
7379.912745615771

Erange 2600.0 3300.0

0.1443213439813841
0.4457831750819166
0.7871040955754438
1.199649305615617 
1.7224480814853638
2.406363780432981 
3.3196484980978123
4.555610260714856 
6.243390548485977 
8.563273777666188 
11.768595390094813
16.217282570542377
22.41751110034019 
31.094143991937496
43.28592662828489 
60.4884812383459 
84.86601967785074 
119.56722092591784
169.20143472321413
240.5679228390866 
343.80218836354004
494.2629646656425 
715.8986735090695 
1048.0827251136477
1562.2463425593953
2412.584383401865 
4044.261841910583 
8670.083651639381 
0.29075611057246903
0.3166261585220409
0.3711885602570686
0.46033854458071854
0.5936453499685163
0.7854359258485714
1.0565085213633747
1.436688222670177 
1.968561659570244 
2.712912087952586 
3.7566401596502166
5.224345933312585 
7.295336462823744 
10.228723138518374
14.400665352704436
20.36000930380217 
28.912119534169648
41.246715659956386
59.136507003494074
85.2557783449816 
123.72029659330352
181.09033026269378
268.50693202646386
407.097383174319 
644.5187891323013 
1118.0760747835973
2390.794104288915 
9077.664025334678

Erange 3300.0 4000.0

0.14638817647917096
0.4525562304919969
0.8004113661058508
1.2229192620590597
1.7613392882634402
2.46978131492719 
3.4213217718648257
4.716508123125715
6.495398953009317
8.954788755571927
12.373034589954802
17.14606176978465
23.83987749306696
33.26757985490672
46.60291342057746
65.54869201567364
92.58820799313293
131.36337282507247
187.24910181582314
268.2384452991122
386.33916361080026
559.8711155854782
817.5377393277938
1206.597963677244
1812.5358477762866
2818.7486911520996
4751.872883766852
10224.75043407236
0.2949833929923809
0.3220167305947149
0.37912854664712514
0.4726893344740349
0.6130690229748341
0.815855353412895
1.103786627022251
1.5096476978683913
2.0805275568641997
2.8840571372482406
4.0175653372807405
5.6215679248366985
7.899729561825618
11.148556975090484
15.801822722811611
22.49747280636011
32.179229771450665
46.2526111584764 
66.82858029050779
97.11489993975235
142.07650817080304
209.6486242985047
313.28112229681227
478.2993974050695
761.3056079394062
1324.411398249371
2831.738972704671
10731.431828374814

Erange 4000.0 5000.0

0.14873276811274175
0.4602604435552678
0.8156202251610892
1.2496712569060364
1.8063333929867138
2.5436216992100222
3.5404623300065525
4.906249870587573 
6.794488603605298 
9.422467064090277 
13.09985016154952 
18.270496883841385
25.573981534747755
35.93662127761815 
50.706943480264954
71.85851387250909 
102.29562759788192
146.31752861965646
210.33006795552657
303.95126003728876
441.76539937885485
646.211368042272 
952.6710416909058 
1419.5536773254755
2152.239930114691 
3375.245128381901 
5728.981212116223 
12382.677743050794
0.29978212482122407
0.3281783565393207
0.38828614617008406
0.4870536747556686
0.6358284060736311
0.8517463850003115
1.159944468384693 
1.5968934307453053
2.2153322272555918
3.0915535322808045
4.336186457224601 
6.110220047392288 
8.648930492647603 
12.297804765083454
17.566800104918254
25.212855803295792
36.36638248551193 
52.727201300860486
76.87269143077049 
112.75446596355195
166.53426131891115
248.1027496502268 
374.209851157723 
576.1670830958 
923.1971063861915 
1612.0060664213056
3447.1144071775916
13034.665823606138/

Erange 5000.0 5800.0

0.1502608626762777
0.46529381929136415
0.8255984287192656
1.2673137696821588
1.836171369209371 
2.5928648745864002
3.620360959868694 
5.03420711947541 
6.997322718003583 
9.741445894989209 
13.598470784165613
19.046535582715773
26.77821561373657 
37.802020863101404
53.59437014367614 
76.32857147441665 
109.22216155171537
157.0678149109126 
227.05242355977109
330.03689277986626
482.59561279417204
710.3800419453736 
1054.0275615855337
1580.7806999365232
2411.814227215001 
3804.1445503572704
6487.450697686814 
14065.757793553257
0.30291165139633314
0.33222125521586104
0.39434230166254536
0.49662265274183637
0.6510887543947779
0.8759576781503452
1.1980509194264035
1.65644466400815 
2.3078985102205145
3.2349123916804046
4.557716389303409 
6.452190401185147 
9.17678285087093 
13.11317617239606 
18.828100900733247
27.16794809144496 
39.40475025321865 
57.46370759694749 
84.28289069496383 
124.394912066618 
184.90546198899864
277.2608566102862 
420.8506637137679 
651.7708792506397 
1049.2452864243335
1837.0994387864066
3929.4241467171732
14836.654624922767

Erange 5800.0 7000.0

0.15216067096721872
0.471565223326128 
0.8380780093696487
1.28948169785262 
1.8738495345723247
2.6553598559323834
3.7222688062985685
5.19822827508094 
7.258634966635491 
10.154495182186366
14.247532860539385
20.062185372368273
28.363094298620563
40.27130480928199 
57.43960199384115 
82.31880941446532 
118.5650689039139 
171.66758912191602
249.9251651508212 
365.9837744748739 
539.3021607201113 
800.2307440291746 
1197.160479701725 
1810.4543604483329
2784.8104361839814
4425.491363293105 
7593.770462224588 
16532.026633916616
0.30680462287335947
0.33727803632012604
0.40197064053453857
0.5087540933684152
0.6705478410902993
0.9069974242331109
1.247162385748679 
1.7336002070451948
2.428475465424688 
3.422685558563218 
4.849534981128361 
6.905320699402122 
9.88048894377267 
14.207072801318644
20.53138622494952 
29.82621577753499 
43.56537666330866 
63.997988617140564
94.58522278172896 
140.7101667657315 
210.87312430131763
318.83821988553984
487.951265473417 
761.4827237292491 
1233.5478315642981
2167.935258865102 
4639.411026254049 
17485.041970829057

Erange 7000.0 8500.0

0.1540799216139811
0.47791627634651673
0.850769563354445 
1.3121430573119903
1.9125794571765222
2.71995838496797 
3.8281934943752236
5.369664505300357 
7.533297508669478 
10.591136793513773
14.937707413108372
21.14872971257977 
30.069271553254573
42.94695048821831 
61.63452932012581 
88.90016193695817 
128.90594661034356
187.95199381913332
275.6440545272999 
406.74745153174376
604.1811788842098 
903.9925961038582 
1364.0684178021952
2080.9739321821835
3228.5707596988204
5171.757203514712 
8933.185118640264 
19534.126420802 
0.31073990046537614
0.3424211000331794
0.40978979014005723
0.5212783171859456
0.6907658913737462
0.9394414583345747
1.2987972772142504
1.8151994912799103
2.556766327946643 
3.6237110927440117
5.163950286772281 
7.396774913472435 
10.648956311521417
15.410163693505844
22.418599460431437
32.7943079459921 
48.24841432234958 
71.4147546141822 
106.38218646397881
159.56520008768115
241.17359283608667
367.8412274406162 
567.849453755969 
893.4358642502303 
1457.1994566202313
2571.939694554795 
5508.2172091289185
20720.162172438253/

Erange 8500.0 11000.0

0.15656226451877622_
0.4861541997731515
0.8673131850431656
1.3418609364967635
1.9636960012374267
2.805769901664884
3.969811694463799
5.600354203716589
7.905313246191792
11.186501541338686
15.88524322405582
22.65105407014549
32.44576099810582
46.702425471088645
67.5696101585034
98.28954732885543
143.78811859550652
211.6029698300622
313.35735776243826
467.1276302319483
701.3067172895998
1061.0705297754337
1619.7132862760398
2500.373676035913
3925.0320573338013
6356.748668419306
11081.327581159301
24381.679371671577
0.3158335009912212
0.34912565992572775_
0.4200753104160631
0.5378896525589358
0.7177805773200047
0.9830934888999047
1.368743715763372
1.9264972868488104
2.732981028075031
3.9018333932401776
5.602211794669996
8.087135781098235
11.737161876852092
17.128136373382 
25.137060567441367
37.10879805120811
55.12084225228906
82.40796079967193
124.05157534923438
188.11812693397164
287.5913676589109
443.82063547247185
693.2803515796006
1103.1543539828035
1816.6489638049509
3226.5521973584873
6920.118346610322
25967.01374573565

Erange 11000.0 14000.0

0.15881564616129193
0.4936556598653273
0.8824588841815081
1.3692457113825114
2.0111264485492355
2.885950423092618 
4.103059689428933 
5.818927316225091 
8.260287362001002 
11.75871117291467 
16.802727948824526
24.116981065069147
34.78330983777523 
50.42729724265466 
73.50780317707246 
107.76979904893427
158.95837591286625
235.95442692125644
352.598636504137 
530.6546935517891 
804.6962971730163 
1230.3548358289224
1898.8241278088317
2964.5082086762377
4706.457126412182 
7704.024872038893 
13551.675236040213
30000.20611112028 
0.3204610031116597
0.3552640894565443
0.4295842351097504
0.5533833088806153
0.7431779324839743
1.0244390610175549
1.4354819295430314
2.0334801056157183
2.903655037921023 
4.1733290625525665
6.0335143863200065
8.772275269918612 
12.82662526184919 
18.863835903341464
27.909803652722584
41.55338127934832 
62.27454140110857 
93.97671287155796 
142.86069930469114
218.88238290006603
338.2447047196054 
527.8483016510384 
833.9328380491752 
1341.6124089588006
2230.6304097502575
3987.780431784136 
8568.294988757902 
32079.26783423429

Erange 14000.0 18000.0

0.1610939781339949
0.5012631407780889
0.8978984268667602
1.3973374389835533
2.0601052994909983
2.9693037686025625
4.2425076374898465
6.049209333425932 
8.63683304888055 
12.369947100756928
17.78988041970464 
25.70606845547581 
37.33707453593626 
54.529958798718575
80.10419787720568 
118.39528522114581
176.12137581924918
263.7777454271281 
397.90331695679896
604.8077130867456 
926.7903239830885 
1432.7407682152939
2236.883538210146 
3534.396483826615 
5679.4632854654 
9404.641424310748 
16707.201153452228
37236.60159840964 
0.3251433866999734
0.3615219000652313
0.43936851892508155
0.5694605971527937
0.7697318471818748
1.0679770987543238
1.5062564601488997
2.147747329286371 
3.0872938959644456
4.467674438671821 
6.504813446418115 
9.527106074077976 
14.03718906734335 
20.809713515195543
31.04736871222941 
46.63203851421735 
70.53290909444102 
107.47651145953795
165.06008557957134
255.62996703107464
399.52200422464244
630.8696403435848 
1008.8071793310638
1642.3274927796938
2759.7196504068343
4970.842422998521 
10706.437123051388
39993.678157447954

Erange 18000.0 22000.0

0.16286202517738316
0.5071829401058993
0.9099691167949224
1.4194239255890508
2.0988437736405245
3.0356259048953707
4.35412840156482 
6.2346505351972965
8.941919073444248
12.868307590765278
18.599987337738977
27.01899385998513
39.46194816028856
57.968842841688435
85.67620223471917
127.4437361103542
190.86221942438462
287.8902318415413
437.5401948107147
670.3390916786248
1035.844707784025
1615.5694884106663
2545.9657775567157
4062.078331546931
6592.278861303402
11020.719723335082
19740.079474062593
44247.269653501586
0.32877960783872057
0.36641441495071897
0.44708193429055737
0.5822306885078613
0.7909661025753427
1.1030159511231001
1.5635761654481883
2.2408877406025356
3.237972207764307
4.710846444376257
6.896950066089331
10.159810780070979
15.059747172258659
22.466688314211762
33.741746573072334
51.032123644139766
77.75480860637037
119.39847679866706
184.86920459563467
288.78280596198823
455.4522326064931
726.0680539550964
1172.5112874975482
1927.6011121765132
3268.0690080523195
5925.0502577809875
12791.74491637296
47700.6553314684

Erange 22000.0 30000.0

0.16550588765942553
0.516062009336416 
0.9281674926129342
1.4529297711024542
2.1579962800811443
3.1375655705474386
4.526824919336864 
6.52346781619548 
9.420301579076966 
13.655208883851635
19.888399623526567
29.122872846718497
42.89382564991708 
63.56900112741913 
94.82915018373326 
142.44372123087916
215.53542531034506
328.6632843331655 
505.2926101128234 
783.6477805337622 
1226.7296666006187
1939.7944616575992
3101.785623951648 
5025.174302162332 
8284.281861937603 
14062.83179723175 
25528.48971632664 
57759.22356371914 
0.3342213065985371
0.3737907231275688
0.45881732537071723
0.601819261468133 
0.8237789857593867
1.1575413887012014
1.6533971399634884
2.3878799654780147
3.4775169315434225
5.100383812329383 
7.530103230545625 
11.189861262594912
16.738922378384462
25.212398544065515
38.249144800530594
58.46701561201135 
90.0873039981285 
139.9857380571293 
219.48397400182492
347.4492001516725 
555.763013631551 
899.2679993238643 
1474.9019487688392
2462.9199651441854
4236.78509184323 
7766.730019457065 
16842.450828736164
62648.76273159001/)

Erange 30000.0 40000.0

0.1678624984386396
0.5240039277065677
0.9445413343768262
1.4832899296027031
2.2119941166231323
3.231318139361639
4.686840531125701
6.793101100181927
9.870359826324044
14.401421486392543
21.120311419307942
31.151884233378865
46.23355566119178
69.07063891977168
103.9111329114676
157.48467618090592
240.55243987990312
370.4940225061482
575.6771054267826
902.9360411163456
1430.5655099944815
2291.326618763138
3714.3291401860997
6105.216711407023
10216.855593912702
17602.252858531945
32376.971831996485
73939.47243943921
0.3390761234013535
0.38042748095334855
0.46948517950905133
0.6197911244215307
0.8541350450818376
1.2083859869249218
1.737819635649183
2.5271580680576275
3.7063925373131634
5.475812712926834
8.145864684746673
12.201123189749161
18.403853838774207
27.96322210175245
42.81450321088113
66.08467665891509
102.87759879730325
161.61423975462415
256.35102809823303
410.8517040007441
665.8762082773686
1092.5932138672465
1818.4906655133614
3082.6261009452624
5379.192173747507
9973.306180469173
21737.4521360814 
80688.08263620315/

Erange 40000.0 55000.0

0.17036496307430077
0.5324663182632273
0.9620895318113227
1.516053047783045
2.2706890746569957
3.333970091290067
4.863327619652776
7.092693187729123
10.374220724548097
15.243403064520715
22.521699980194235
33.47979649400302
50.09973367935207
75.49983243992041
114.63042911159955
175.42509396717406
270.7269739485002
421.55091333978646
662.6791216153256
1052.3953320146977
1689.6875070139436
2745.231543799062
4518.674628346486
7549.367766712861
12851.219414149484
22522.974006977485
42073.064211266406
97154.3497922795 
0.3442359726520383
0.38754007185862954
0.4810326806451499
0.6394198647471336
0.8875587091716534
1.2648037235106746
1.8322244813392865
2.684145960116962
3.966500195829279
5.906140569869111
8.858010554137483
13.381685635639329
20.36673130214467
31.24005706702999
48.31255482932005
75.36517063974274
118.6518389635584
188.6382478887288
303.059337317903 
492.38182357709826
809.7503916539654
1349.5688287135445
2283.7129470839764
3938.318929170714
6988.303443289154
13136.528535241805
28826.90535778617
106792.5668680263

Erange 55000.0 75000.0

0.17269556592412857
0.5403748964029321
0.9785852679690707
1.5470653817948434
2.3266514376923366
3.4325577583865416
5.0340686756366715
7.384684578834457
10.86904453036137
16.076821539981736
23.92028394592648
35.82315617144631
54.02701058174775
82.09339856008381
125.73557580722034
194.2117754907147
302.6873267691643
476.2910454873438
757.1780279061045
1217.01315551735 
1979.4070403165824
3261.0324543098973
5448.912148191038
9251.68321181564 
16020.743424436212
28570.382753480066
54229.78154218437
126696.56228762324
0.3490457636631589
0.39422579301772903
0.49199588231797214
0.6582220201025798
0.9198335281974843
1.3197051837498925
1.9248079614290126
2.839336845230337
4.225765459102832
6.338790677137095
9.580492391710184
14.590781522893115
22.39718076042754
34.665500315997214
54.12415292925981
85.29113057050759
135.73577535381042
218.29950108939332
355.0638815393454
584.5607922611614
975.1302787959035
1650.2897030531005
2838.7772270165033
4980.693094157311
8991.001468037319
17151.64888313862
37936.68288424044
140330.3757792011

Erange 75000.0 100000.0

0.17476493191141415
0.5474193940515534
0.9933573948794411
1.5750134784958338
2.3774182245590976
3.5225875266569684
5.191031053231731 
7.65493753438325 
11.330235095244555
16.85924390942949 
25.24328503055809 
38.05761248430254 
57.80337969002844 
88.49020666120597 
136.61135242458343
212.79570615428042
334.6422749519929 
531.6505866599738 
853.9241940929868 
1387.782907449122 
2284.2677480183024
3812.2510844331973
6459.925409369088 
11136.186670622694
19600.27283250913 
35545.19130000765 
68536.45729392112 
161999.07322111004
0.35331994251863175
0.4002125878121666
0.5019021590207834
0.675348992397178 
0.9494484180546069
1.370438471536318 
2.010972421797265 
2.984828447386733 
4.47068346087602 
6.7507629145842705
10.274207336138101
15.761962819310062
24.382228769987734
38.04723731915354 
59.92133877283344 
95.30210365832416 
153.1695274726372 
248.9507054460044 
409.5337510421667 
682.5234878783859 
1153.6752246200758
1980.5529864545388
3459.8436855153436
6170.831685857496 
11326.739601304256
21929.575378095506
48923.087093047834
180801.94440922138

Erange 100000.0 140000.0

0.17707349703529857
0.5553034658173043
1.0099791730991756
1.6066610726001294
2.4352859938075695
3.6258937322871367
5.372347774805723
7.969256176272777
11.870406472074928
17.78239069764118
26.81626145155005
40.73582235231918
62.36857184593184
96.29361499410518
150.00711005408417
235.9221311383991
374.8476146182405
602.1299577709411
978.6687811138307
1611.0196047848676
2688.7838466688286
4555.662141059458
7848.009593576401
13774.881010275332
24721.57253813353
45756.96334453548
89961.78780041506
215802.3342656405
0.3580921418111161
0.40694849130748023
0.5131489467923581
0.6949501550098907
0.9835895138470994
1.429340141748686
2.1117265083379655
3.156213050221744
4.761412846546327
7.243742288102652
11.111375537133872
17.187982478782033
26.82207794053154
42.2454800002888 
67.19501324394297
108.0057380925622
175.56201559076507
288.83560003555107
481.41389562366794
813.7768209755345
1396.8818687993016
2438.628712875254
4338.525137576797
7891.642771451579
14783.538737749648
29163.479733223845
65827.4645722146 
243179.26518144744

Erange 140000.0 200000.0

0.17939121623291196
0.5632460962554191
1.0268207360191903
1.6389441207178375
2.494730975718965 
3.732765899075506 
5.561259778907539 
8.299124280524993 
12.441566280835362
18.766165667383223
28.506386171958923
43.638584384879934
67.36224738878316 
104.91328976480246
164.9591150046168 
262.0244972943479 
420.7723136732652 
683.6778754860417 
1125.0251624529246
1876.914526701929 
3178.594976788772 
5472.221732744173 
9593.809960559516 
17167.666568195575
31469.64998425534 
59575.37273864424 
119738.62770948543
292181.0961057968 
0.36288753563601406
0.4137727803438694
0.5246525197888982
0.7151692528977265
1.0190794875976732
1.4910294440355354
2.2180532993489983
3.3385033549868535
5.073189714925689 
7.776982900408857 
12.025161831532559
18.759485999109437
29.538246648034107
46.969812152842266
75.47470761821671 
122.64510922855702
201.70899555206492
336.0740868831789 
567.8651913799991 
974.2972338202875 
1699.8017696089582
3020.746535916867 
5480.209144976741 
10183.145007147052
19511.673781213012
39328.72129742758 
90071.79118231079 
332938.41349157074

Erange 200000.0 280000.0

0.18145787532761345
0.5703516980411364
1.041969987100468
1.668169762478659
2.548905102202213
3.8308153868700057
5.73575077606394 
8.605924764080692
12.976605854940628
19.694664135422833
30.114196205027547
46.4231488999098 
72.19529201520032
113.33495114684222
179.71600233232834
288.0668684898181
467.1287314532969
767.0353863539326
1276.6863337842099
2156.5782398644915
3702.2394624534754
6469.865405622618
11532.348640847953
21019.959826658564
39325.54785388118
76112.75783759716
156400.96081191118
388429.5049686922
0.3671671269112481
0.41991063535051504
0.5350925824270352
0.7336661302058223
1.051784230902112
1.5482836110025917
2.31745277890254 
3.510201538782171
5.369167048208645
8.287401135959756
12.907497398486063
20.29096603628255
32.211289400182395
51.667875628946675
83.80064093288466
137.54326768587123
228.6628977463769
385.45278105561033
659.609584732442 
1147.48083087963 
2032.5976860626631
3673.224580494971
6788.760553221407
12875.900072438904
25223.35236302233
51966.7592745666 
120920.32428947231
447736.17541344964

Erange 280000.0 400000.0

0.18352365749998711
0.5774767415391759
1.0572402465072317
1.6978091130093156
2.604194412635273
3.931521110681753
5.916123772874016
8.925163169995924
13.537158542380958
20.674441611900086
31.823697567083265
49.40770243187122
77.4199205005401 
122.5224666728988
195.97318566547537
317.0604624119025
519.3281914726538
862.0631903466981
1451.9161062243747
2484.485489661112
4326.234527544991
7680.233304404955
13931.912588144245
25897.50172535608
49530.68109870176
98224.55152386216
206939.49053745338
524566.9562885154
0.3714484036559812
0.4260967455633218
0.5457049480928435
0.7526107268819361
1.085512849361448
1.6077308109599637
2.421373349769565
3.690999486571998
5.683179798418424
8.83322260839823 
13.858958047223895
21.957146639909727
35.147034069885805
56.87996069901934
93.13791144680825
154.44652085662315
259.63116034555344
442.9649858732788
768.0687208011793
1355.5892058006805
2439.7899569103974
4487.76072780871 
8459.538519483716
16402.660399711818
32921.61554906603
69533.14758216766
164947.39394785516
612800.2731138045

Erange 400000.0 700000.0

0.1865127174002091
0.5878264119237888
1.0795642254870847
1.7414647079050736
2.686262513059428
4.082172829391877
6.188096843488031
9.410456034264666
14.396547620814117
22.190018755083887
34.49317521293508
54.11536762065149
85.74999790790363
137.3406746169067
222.5209261857046
365.04500319056837
606.9830522872659
1024.1840598017022
1756.0972227796592
3064.6905800265477
5454.026428632921
9920.369530831516
18493.617558448037
35457.83700573299
70250.70208206157
144978.57163654402
318662.0049240475
837598.2931640423
0.3776493979310916
0.435138768215793
0.5613788375562351
0.7808493636204112
1.1362155303193089
1.6978417615255126
2.5802450840754427
3.9698657023594675
6.172064932079413
9.69144120022167 
15.370728380706238
24.634198247900454
39.92036731837176
65.46330289853823
108.72733676148118
183.09024363050807
312.9622216519181
543.7670826405075
961.8761857704002
1735.4901623013577
3201.003196409115
6051.665762920312
11766.014824513828
23628.41759091035
49336.106221828624
108694.3328979675
267237.7291173849
1002021.1700926761

Erange 700000.0 1200000.0

0.18910898992309827
0.5968553778314455
1.099179600396227 
1.7801437973508598
2.7596026949493577
4.217972884397996 
6.435421861591648 
9.855784799002635 
15.192663835695727
23.608087390187727
37.01748316805854 
58.61754075464745 
93.81326580419346 
151.87161660723567
248.92100011282085
413.49172640188107
696.9547246299024 
1193.621061792798 
2080.3822432854854
3696.998493291677 
6713.636172345608 
12492.44299238403 
23898.55659235671 
47203.17808379973 
96805.96561293019 
207957.8998427237 
477933.1522768045 
1308114.0012041177
0.3830416352614052
0.4430819114148896
0.5753071318246739
0.8061988913511784
1.182158486497417 
1.7802506103346156
2.726920016454761 
4.229882717633601 
6.632680284308672 
10.509000784328796
16.82784984813855 
27.24691097632485 
44.64167580356611 
74.07592303550199 
124.61429974186086
212.77537227876334
369.25379542370973
652.3218043365148 
1175.259654699904 
2164.1710677218566
4083.922692671305 
7922.927093368247 
15865.524351752772
32963.81111451602 
71590.44785506214 
164831.2803483035 
422312.83970923733
1607194.846517409

Erange 1200000.0 2000000.0

0.19132297837375925
0.6045842212401715
1.116075239909931
1.8137003319341403
2.823703852560562
4.3375571365379555
6.654879506061997
10.25406160102038
15.910566848875042
24.8980512789274 
39.33518360062533
62.79250184241327
101.37073372724154
165.64870251297975
274.26536197966556
460.63593723457706
785.8148240324404
1363.7143426301643
2411.848280798477
4356.437870983105
8057.345689393333
15307.674322294604
29991.967793708438
60909.637552873915
129092.68815909834
288420.9208707836
693804.4807934643
1984726.5657356782
0.38764444414599436
0.4499221966702515
0.5874206914731522
0.8284384818447332
1.2227914287059967
1.8537196608025412
2.858764193877508
4.46563291856233 
7.054128800394659
11.264308056241072
18.18795719360849
29.712689970242995
49.150504691840844
82.40656726563064
140.1950401391153
242.32987003504195
426.2290660460464
764.2086384943232
1399.6697911963972
2625.280715869226
5058.106540783201
10048.454253234977
20681.146673725165
44371.40116757773
100098.51304747425
240936.64519318528
645993.0255202315
2511145.760363479

Erange 2000000.0 4500000.0

0.19436594608582472
0.6152519388154075
1.1395565637382394
1.860708304267537
2.914238339347287
4.507855666735311
6.970054206984331
10.831076997871907
16.960267570555793
26.802718362766388
42.793217314755324
69.09173097076558
112.91204543512235
186.9652299761567
314.0415178600245
535.7867637150474
929.9119488429988
1644.8265501191415
2971.387935288634
5496.481343756791
10444.205167643195
20466.948914951925
41573.49202713281
88115.73197659155
196655.41477188517
468312.0718363519
1218658.020501648
3790777.501461529
0.39397762301074635
0.4594261340249453
0.6044348272087624
0.8599749829785104
1.2809242553853217
1.959763999342232
3.0508139495699504
4.812352417460658
7.680299553389941
12.398744349822774
20.2545889010679 
33.50625966016763
56.1810053198472 
95.58665349028226
165.23942057994483
290.66767214215037
521.2161338636482
954.7499892270533
1791.0386147663526
3451.3628492991857
6857.78940921672 
14117.121205871057
30292.355037472884
68308.93744588633
163720.9776403595
424479.54068993696
1238540.16298379 
5075528.538071685

Erange 4500000.0 10000000.0

0.19682681061058516
0.6239175967168831
1.1587697829037367
1.899493134270955
2.9895781441779548
4.650804912675836
7.236967535355107
11.324261660542758
17.866223883633104
28.463640303603217
45.84226954217273
74.71248548146892
123.3437137988759
206.5036090144391
351.0605506141016
606.9104628799121
1068.8355016906876
1921.4860373237475
3534.938103259401
6675.151370185142
12987.084625450672
26158.425843963676
54887.04107632314
120986.04511920984
283491.0124779256
718729.5124126623
2032037.8454332922
6994905.371452202
0.39910525153739623
0.46720011780848775
0.618510057951796
0.8863247571224414
1.3299488054374997
2.050026502879363
3.21586179306573 
5.113357675674665
8.229788884254283
13.40574530515295
22.111763971910367
36.960758258119995
62.6753790751042 
107.95244981242995
189.13916327630196
337.6660556617939
615.5008714320224
1148.2967230500535
2199.040277147706
4338.370096055334
8857.05088458885 
18820.230015785593
41940.375294296646
99039.96110832106
251532.47511127745
702946.2892638468
2257925.6950304266
10050972.42119658

Erange 10000000.0 50000000.0

0.20028753559878754
0.636163845466183
1.1861370761903154
1.9552398102278608
3.0988787201672205
4.860155327990237
7.631666931241998
12.060973589284364
19.234093080159262
31.000249030237566
50.55650397769404
83.5192836105384 
139.92647812445165
238.0575763348749
411.8925953402226
726.0520810993172
1306.5848049114 
2406.4753954062408
4550.1807639341105
8866.114556558668
17889.50386772233
37615.62178522411
83127.72557060457
195408.6566631889
497429.1250321897
1411467.9993363773
4708143.792268462
20982067.79050034
0.4063254337661295
0.47826913702275475
0.6387969282983723
0.9247131283500699
1.4020945643989537
2.1842105605751816
3.4638219546199718
5.570645148922087
9.074555435905518
14.97371681097282
25.043435353654875
42.49539020969764
73.2495448121482 
128.4448601273465
229.52203941450034
418.8057941608578
782.2389088299047
1499.9808360221182
2963.6575509358563
6060.980474110256
12905.219416347047
28829.611589852855
68285.64328511298
174085.66633020202
488713.1004068534
1569108.161138 
6194788.779558858
36612022.104547605

Erange 50000000.0 10000000000000.0 

0.20148359962188625
0.6404126846191118
1.1956914499421463
1.9748404662282764
3.1375902789765524
4.934852000261182
7.773570595927496
12.327952344136781
19.733992303134418
31.935665896373646
52.31190662715458
86.8332262967865 
146.23818287831133
250.21865465340818
435.66229015608553
773.3205522921141
1402.527891101972
2605.9768107615196
4977.008179815615
9810.671652583082
20066.047813611207
42883.66712086875
96680.36874016587
233103.28859658248
613776.5842567491
1827984.087654119
6594610.0314337425
34505523.772945166
0.4088233220420713
0.48213225469004667
0.6459447763036226
0.9383525242997238
1.427930574234908
2.232645680425932
3.5540692271124623
5.738543059876525
9.387632026047086
15.56066926581158
26.1527798090333 
44.61430119999274
77.34960393660401
136.50197172084523
245.64488988592876
451.7568092688549
851.2535497022337
1648.713481816509
3295.0758202094717
6829.19231168343 
14772.00579885476
33634.6146271831 
81574.2303691521 
214402.9977956818
627349.5338890508
2140772.611660053
9364952.860952146
68700022.28914484
