Published in J. Chem. Theory Comput. 2021, 17, 3, 1662-1677
Grids with 26 points for different energy ranges (Erange)
Structure:
Line 1     |
.          |
.          |   Time grid points
.          |
line 28    |-------------------------------
line 29    |
.          |
.          |   Weights
.          |
line 56    |
####################################################################

Erange 0.0 1545.0

0.00019912749139307142
0.0010623606743332262
0.002671743519332409
0.00513532276440788
0.008635195625198482
0.013459847519256876
0.020047630847673463
0.029039389901087887
0.04134031090156478
0.05819756722342521
0.0813050912035362
0.11294734291964816
0.156193889583069
0.21515890144425773
0.2953443526600425
0.4040922882505582
0.5511803231110346
0.7496069714265129
1.016632455219541
1.3751727396754474
1.8557042554346754
2.4989586763196456
3.3599578911008456
4.514593597566258
6.071708534726409
8.199087984832916
11.19334614657497
15.75712024734422
0.0005125044577801448
0.0012232237231645984
0.00201318827111783
0.0029437832219448537
0.004103311596300065
0.005618171589079525
0.007663188401742024
0.010469929287815255
0.01433805703894519
0.01965640843594298
0.026936172517646257
0.036855644579373535
0.05031748334107659
0.06852207829804384
0.09306268185731213
0.12604985461633972
0.1702755103243793
0.22943160937864643
0.30840755489079047
0.4137086894086003
0.5540782272946391
0.741497238773558
0.9929644420040254
1.3340651862992305
1.8071782497597113
2.4938998954135005
3.5946345041711467
5.901304226915114

Erange 1545.0 2002.0

0.00015937273545708875
0.0008511031358508971
0.0021444475784000504
0.004133806965295614
0.006979927658415096
0.010939953042854741
0.016407375175241108
0.02396000912675003
0.034417229669099075
0.04891406525328216
0.06900316741446434
0.09679560984224389
0.13515199610246875
0.18793838914519878
0.2603666777263224
0.3594458206099125
0.494579482258333
0.6783583159834518
0.927614454599119
1.2648378420472655
1.7201130600602677
2.3338552489887388
3.1608903963862245
4.2770721150582895
5.7913663447139845
7.871758093638662
10.814809416909151
15.321476179970999
0.00041027809665924954
0.0009811723452880425
0.001620915236450962
0.0023840944111134044
0.0033503311465523967
0.004634503191430588
0.006395709602901231
0.008844913900028784
0.012257024616981905
0.016993101307172367
0.02353379728419698
0.03252363542798268
0.04482787026200198
0.06160612640371776
0.08440876245542936
0.11530375228655552
0.15704466612137769
0.21329510792248377
0.28893382637364007
0.39048261973383075
0.5267381633327601
0.7097795124230211
0.9567475153369529
1.2933958092367415
1.762243934642854
2.4448656022179347
3.5410603027618426
5.839188641520334

Erange 2002.0 2600.0

0.00012724350537371705
0.0006802420548887551
0.0017174005833444652
0.0033210405572595314
0.005632832416553322
0.008881578544535886
0.013419698685145537
0.019766846961404197
0.028663060595610065
0.041139669406250204
0.058618369068556976
0.08304861028830621
0.11709467333563459
0.16438742365500805
0.2298611471707931
0.32020292243210463
0.44445136041510835
0.6147946527884036
0.8476375115705392
1.1650387509190727
1.5966797391113152
2.1826420752053064
2.9775354931417777
4.057156308900191
5.530582551166736
7.5660060038749855
10.45997985096501
14.911921279047414
0.00032764611790808316
0.0007852281095230586
0.001302499732766977
0.001927928018050743
0.0027331746862386277
0.0038223319490506384
0.005339653436386936
0.0074768267093066575
0.010485860861582824
0.01470204224626301
0.020577182689456824
0.028723198501018832
0.03996852241361688
0.05543195597157087
0.07662014166796133
0.10555670439639143
0.14495398753342661
0.1984431170697882
0.27088687577758624
0.36881736713632424
0.501078546468407
0.6798426309902373
0.9223911021644032
1.2546500752337444
1.719292335657813
2.3978939243834243
3.489702010303218
5.779704886427998

Erange 2600.0 3300.0

0.0001035812061619439
0.000554312958948722
0.0014022178351092648
0.0027199186238307522
0.004633626332072742
0.007348901862042884
0.011184100569752935
0.016610348266822107
0.02430141997172798
0.03520198814732897
0.05062394356636958
0.0723803681708885
0.10296857818003698
0.14581768397450023
0.2056217187942231
0.28878665461351954
0.4040292970175386
0.5631795391897031
0.7822574690472879
1.0829291748663241
1.4945032140919154
2.056746330708999
2.8240560994099004
3.87216062398999
5.31022885971396
7.306643557351196
10.157983272563953
14.562388075641433
0.000266779348158189
0.0006406783010995833
0.0010669475657666657
0.0015890577230093321
0.0022720547662622424
0.003210897076964011
0.004537212534376952
0.006426464787961385
0.009111540381231737
0.012906037854636046
0.018237038812244945
0.025687953276114096
0.036054499502532374
0.05041868971863853
0.070247180509793
0.0975222869562315
0.134916933126155
0.1860296678962944
0.2557045471811927
0.3504778528812439
0.4792309189974202
0.6542157222577841
0.8928389893219679
1.2211855078507017
1.6820762830637361
2.357109509558417
3.4450757129111187
5.728067480861656

Erange 3300.0 4000.0

8.771437194659891e-05
0.00046981282949284237
0.0011904567715385075
0.0023152670914235655
0.003959200577898668
0.006310722793342447
0.009662905002781183
0.01445070779560698
0.021298505075191456
0.031086296591640365
0.04504371996352949
0.06488109904164477
0.09296905461591826
0.13258247030343728
0.1882303453180191
0.26610050569058297
0.3746580755427752
0.5254504247939676
0.7341916622638109
1.0222323068269783
1.418577696146867
1.9627342158223895
2.7089187483169885
3.732793667761796
5.14359311285564
7.109854244554064
9.928196448146211
14.295810062691444
0.0002259584596775983
0.0005436014065931008
0.0009083522994476501
0.001360022022949313
0.0019587330256291995
0.0027925453027995255
0.003983542841235872
0.005695043198214815
0.008145671980235551
0.011632693203529134
0.01656425108725137
0.023501595060412054
0.03321470050609412
0.04675631004359308
0.06556089291033432
0.09157703564672734
0.1274448334217016
0.17673475828550625
0.2442731132825866
0.33659611474367285
0.4626113339076691
0.6346313704421029
0.8701615672163753
1.1954150913540855
1.6533375661453558
2.325557793916785
3.410528405591019
5.688122811462863

Erange 4000.0 5000.0

7.231152188478278e-05
0.00038772726865815517
0.0009844837786035514
0.0019209126836657545
0.003300157154162172
0.005292557663606624
0.008164163748376724
0.012311171926660728
0.018304991861179568
0.026956176212698496
0.03940566382368068
0.057252298754729467
0.08272831849932695
0.11893897414817305
0.17018831821850053
0.2424208413642749
0.34381888188337045
0.48560994949960345
0.68315888981334
0.9574526915358277
1.3371435383436294
1.8614300851160115
2.5843101667934096
3.5813587287033566
4.961876490500659
6.894579341534884
9.676154843478928
14.002777296643712
0.00018632498066864197
0.00044921855213653585
0.0007537638296544074
0.0011359077842782092
0.0016504930186307747
0.002378087896208448
0.0034304274436559386
0.004957778020056624
0.007163453510160269
0.010326973559848835
0.0148355888498722
0.02122577871325675
0.030238442499465622
0.04289294382786412
0.06058666241299866
0.08522882557656473
0.11942055225842414
0.16669801861501937
0.23186426244014152
0.32145183283272727
0.44439450297432675
0.6130709874752484
0.8450980113616935
1.1668375144951064
1.621384532244084
2.290416624110755
3.3720270933942214
5.643641293866133

Erange 5000.0 5800.0

6.358752692633583e-05
0.0003412046362365837
0.0008676052314903817
0.001696724618707933
0.0029245257586060763
0.004710233349785592
0.007303215812339811
0.011075692416141687
0.016566304596355927
0.024542556688053108
0.03609017098515814
0.05273820097743335
0.07663171929303365
0.11076846568614528
0.15932179622752599
0.22808006029257497
0.32504298834606
0.4612301705022223
0.6517778001414668
0.9174329759430668
1.2866126278634253
1.7983078281539955
2.506365504219328
3.4862959694100204
4.847438621720606
6.7586271477598405
9.516604972737115
13.816917061150304
0.00016387366227471576
0.0003956833555057065
0.0006658661861317086
0.0010080085317879625
0.0014736812958346364
0.002138763598196897
0.00310853235933617
0.004525172218371909
0.006582500342505047
0.0095488999069641
0.013798331312490912
0.01985134913295637
0.028429999006008653
0.04053182527263095
0.05752974961085405
0.08130676932209915
0.11443765763930915
0.16043487908983078
0.2240845367272352
0.311914711856157
0.4328741422164402
0.5993829816920151
0.8291300891292139
1.1485759543667498
1.6009173789914857
2.2678714811822975
3.3473105643753676
5.615101807506323

Erange 5800.0 7000.0

5.40208922943882e-05
0.0002901574218009231
0.0007392141971595068
0.0014500283280455789
0.002510177021344463
0.0040657991238261465
0.006346521670349522
0.009696151598289092
0.01461448675071523
0.021817888400210955
0.03232620376087572
0.047584791601727995
0.06963362235719665
0.10134008926088696
0.14671822700211287
0.21136500303928102
0.30305507802937337
0.43255028902361986
0.6147016140691686
0.8699548471471977
1.2264290200274872
1.7228495271474296
2.412866754832892
3.371902180409746
4.7093379807234985
6.594155669520039
9.323180769772668
13.591212022178699
0.00013925034927611353
0.00033689758020930645
0.0005691288628998808
0.000866760965686723
0.0012774771286669078
0.0018715412342993915
0.0027465275546555167
0.004035039597245034
0.0059195955044671665
0.0086551765726244
0.012599568036048066
0.018253775832994857
0.02631653618635365
0.03775822887923194
0.053921093309633066
0.07665492497469895
0.10850075471633389
0.1529401192419044
0.2147361484742657
0.30040908293128193
0.41892390451696465
0.5827503975591537
0.8096664957210812
1.1262568684972982
1.5758496574356475
2.240219834134439
3.316979586478506
5.5800996039424104

Erange 7000.0 8500.0

4.564555265477108e-05
0.0002454346685212948
0.0006265784407134182
0.001233158622447077
0.0021448652153409154
0.0034954182642228226
0.005495608826652996
0.00846210660098653
0.012857585326682552
0.01934938119006627
0.028893873468546265
0.04285529874482882
0.06317112153384097
0.0925808252186819
0.13494115158016368
0.19565897567855495
0.2822840227867385
0.405318874954234
0.5793256641233082
0.8244427232040404
1.168482383587411
1.6498933305311403
2.322117411253598
3.2604766389691147
4.574390024972901
6.432989341834178
9.133196407474784
13.369095389855303
0.00011768969816977658
0.00028534927032496446
0.0004840726346740154
0.0007420579710874475
0.0011032591807000774
0.0016325138217318865
0.002419994753070502
0.0035891515886961726
0.005311642196826666
0.007829394245850389
0.011484246513613412
0.016757755663488007
0.024325289635545783
0.03512979233715042
0.05048226189921966
0.07219835845965666
0.1027839824530896
0.14568785531725492
0.20564777829998312
0.2891735001868529
0.4052436947742419
0.5663760127138803
0.7904374777760682
1.1041398360339376
1.5509491079980848
2.21270825293388
3.2867828515308894
5.5452724054483005

Erange 8500.0 11000.0

3.6488006929306264e-05
0.00019649151810584802
0.000503107877439482
0.000994818980265892
0.0017419330458111762
0.00286324584306399
0.004546790823266163
0.0070764254736432365
0.01086988103008825
0.01653489379720316
0.024950193189557313
0.0373800572984858
0.05563473102373159
0.08229382069514388
0.12101608504744633
0.1769674560118736
0.25741052665895353
0.3725145015640989
0.5364671734722614
0.7690049629152851
1.0975352324996732
1.5601365551801154
2.209966148011392
3.1222026085468673
4.406302512891578
6.231592566777427
8.895138025566414
13.09015522563044
9.411058161764564e-05
0.00022887458151702356
0.00039057680221556677
0.0006042814819193009
0.0009094035245976271
0.0013641332935019103
0.002049648033435726
0.003078322757949694
0.004608548064372825
0.006866051954909783
0.010172626387128262
0.014985141010389004
0.021949052283394388
0.03197188778843743
0.046323942696241904
0.0667759221190767
0.09578682159309504
0.13676065620689198
0.19439935510505243
0.27519525733539296
0.3881406112452913
0.5458114344320582
0.7661884133896568
1.0761497928442625
1.519347409242135
2.177726198492106
3.2483564776686458
5.5009815780981555

Erange 11000.0 14000.0

2.9588446308604547e-05
0.00015957764714927812
0.00040980061859442377
0.0008141581268268158
0.0014351942867949477
0.002379218143911262
0.003815130228038144
0.0059991869926145835
0.009311238414156518
0.014308514375164259
0.021803455514145805
0.03297432754720971
0.04952104060181237
0.07388347387186651
0.1095460460641794
0.16146092263899975
0.23663401107846255
0.3449341441338246
0.5002090250697223
0.7218265976855273
1.036819021323394
1.4829173538285452
2.113006031585928
3.002118887270464
4.25973634734891
6.055362139002693
8.68620971747294
12.84476212055696
7.634110961434247e-05
0.00018622528846790902
0.00031969127466536623
0.0004991918529001643
0.0007602900708133781
0.0011555100382159716
0.0017584338105163752
0.0026721061529931525
0.004043591457129711
0.00608455281208252
0.009099150682157118
0.013522328657324851
0.01997274372862434
0.029325909214924503
0.04281497070968849
0.06216914194983893
0.08980351557167271
0.12907941549114965
0.184663246594884
0.2630278258762335
0.3731736346682672
0.5277260380561264
0.7447670823860634
1.051327938626868
1.4912362410625788
2.1465432019415753
3.214074319529515
5.461496007193266

Erange 14000.0 18000.0

2.3779414127343956e-05
0.00012846422005240743
0.0003309928831073909
0.0006610841016675125
0.001174111517851935
0.001964735642046167
0.0031839437046973372
0.005062138452978201
0.007943587365676456
0.012337793711020667
0.01899408520862755
0.02900819673889348
0.0439733623874622
0.06619336766731646
0.09898159274083276
0.1470789732012216
0.2172359337388872
0.31902010927146557
0.465935489961852
0.676974407399601
0.9787827564627841
1.4087293747222094
2.0194090526711066
2.8856949554637783
4.117081205191889
5.883249820883165
8.481580484406694
12.603865500485162
6.137647450224398e-05
0.00015022918522230813
0.00025961689799477495
0.00040956404897364297
0.0006319903102840593
0.0009740518614949558
0.0015022032585384295
0.002310722155775527
0.0035358702066416604
0.005375683414999454
0.008117044767788793
0.012173222749539778
0.018136165890969762
0.026849214184554587
0.03950783752538176
0.057798731689314514
0.08409142368704033
0.1217021378276602
0.17525857508663245
0.2512102337617962
0.3585618870750593
0.5099851018896473
0.7236623896941952
1.0267809590048702
1.4633527890610423
2.1155495825866195
3.1799713652899073
5.422242322222096

Erange 18000.0 22000.0

1.996975719114667e-05
0.00010803766024790043
0.00027914946672295566
0.0005600685201304379
0.0010010455833094946
0.0016883469263468778
0.0027600190175514337
0.004427777354772284
0.0070100858816421925
0.010981630036803518
0.017045370162921285
0.026235975775831418
0.04006720477930825
0.060740772707250645
0.09144094582526643
0.13674817658247623
0.20321752055734807
0.3001847449852204
0.44088738725627163
0.6440243823419953
0.9359372859467849
1.3537064463445627
1.9496922567626198
2.798633041764183
4.010025863301125
5.753689968035089
8.327144493740365
12.421679016019592
5.156001410295644e-05
0.00012656590579908283
0.00021996531665695752
0.00035003655094498806
0.0005460402965281552
0.0008512186113124776
0.0013268718440107125
0.0020609116400843674
0.0031816393309671174
0.004876914587104125
0.007420595371219653
0.011209484450019506
0.016815094297439877
0.02505596575962014
0.037098296020097635
0.05459544297770877
0.07988080804958117
0.11623432159124078
0.16825175472580994
0.2423620424395829
0.3475704605516449
0.4965817576093905
0.7076548141522077
1.0080986813480735
1.4420727665642223
2.09185113214404
3.1538737345296277
5.392217904025483

Erange 22000.0 30000.0

1.5245472100141073e-05
8.267520676446116e-05
0.0002146253100574728
0.00043387740900171205
0.0007836944027554964
0.0013387930663292789
0.0022193817580203824
0.0036113909961874636
0.005797519906650395
0.009203847862920226
0.01446808989009802
0.022538313347044602
0.034814713569521594
0.05335209638799308
0.0811475703355085
0.12254732266532327
0.18381921201396537
0.27395570440350625
0.40579685475434923
0.5976003453364507
0.875245772613848
1.2753705825844541
1.8499693672606738
2.6735624079289133
3.855638524201632
5.566220151857392
8.103052167483417
12.156727650422702
3.9383299458817714e-05
9.713918675705757e-05
0.000170421510611186
0.0002751089399893439
0.0004367526322332042
0.0006931539398019088
0.0010985049239842675
0.0017318671480729233
0.0027102869498213354
0.004207039027136905
0.006477134639756053
0.009893360814081634
0.014997191697894255
0.02257042180249529
0.03373549826844379
0.05009547634855471
0.07392862462849442
0.10845863055245018
0.15823054590725322
0.22963859190692054
0.33168416368000975
0.47711716376192037
0.6843078702870563
0.9807484854746213
1.4108257998358733
2.0569814817847933
3.1154409728311463
5.348031605731007

Erange 30000.0 40000.0

1.1868158588050793e-05
6.451496656973e-05
0.00016828367389327262
0.0003428138578813575
0.0006257728657443166
0.001082546664145262
0.0018189122009131555
0.002999899699939122
0.004879035508307028
0.007842398392055541
0.012473504017331851
0.019647823262643315
0.030669526100067415
0.04746815571454119
0.07287994053111492
0.11104807754173227
0.16798957023910677
0.2523945702323838
0.37675011948627407
0.5589184164507482
0.8243607282457994
1.209308359311203
1.7654144169432378
2.566987933665634
3.7234969430883793
5.405141983044582
7.9098851591902335
11.927751732780631
3.067518035880976e-05
7.602736152767003e-05
0.00013466099350051709
0.0002205156203375216
0.00035609796830194946
0.0005747749473125263
0.0009249835582363322
0.0014785254567841132
0.0023430318256698933
0.003679400712048183
0.005726484701954953
0.008836295353538897
0.013524092658912494
0.02053931124436599
0.030965498069383788
0.04636050178159656
0.06895241489824191
0.1019128924749107
0.14973885102211165
0.2187896005944566
0.31805835198625043
0.4603305714250192
0.6640726964679041
0.9569407810619277
1.3835309605116226
2.026448697565121
3.0817527233540427
5.309325429687417

Erange 40000.0 55000.0

8.994970387322457e-06
4.9038651219381535e-05
0.00012866021417541092
0.00026454506965524195
0.0004890218504779385
0.0008585083873106919
0.0014649004957659442
0.002453066714438582
0.00404818477662515
0.006597100721999991
0.010629669867507806
0.016948840913414677
0.026762034057250313
0.041871547214080776
0.06494887934178976
0.09992774926372437
0.15256426013426896
0.2312316469143259
0.3480438390880272
0.520441341810499
0.7734349455842019
1.1428133579373827
1.6798513048817534
2.4586158447712725
3.5885384348523433
5.240004673003719
7.7112226946250795
11.691667476075265
2.3263971840934205e-05
5.799733961007195e-05
0.00010391874644151258
0.0001730995125618299
0.0002850761818642179
0.00046892999174830916
0.0007675526539416234
0.0012456339379473573
0.0020014080059075953
0.0031832610399331806
0.005013553854404307
0.007822909693482165
0.012099368861470802
0.018558470273632704
0.02824263531163439
0.04266142900862469
0.06398871559990858
0.09533906369189366
0.14115536539598936
0.20775581572804178
0.3041200099484807
0.4430661693538553
0.6431592914657807
0.9322296232686789
1.355102086814327
1.9945706936958254
3.046542150566686
5.268893998445498

Erange 55000.0 75000.0

6.8673479673260504e-06
3.755590753670896e-05
9.915139981458229e-05
0.00020590986120619216
0.00038570411969655687
0.0006874225835250557
0.0011912995282688835
0.0020251938479038355
0.0033901629916074914
0.005599342672133319
0.009136035642934201
0.0147397005849582
0.023532325447503034
0.03720291582111918
0.05827512485526659
0.09049318420974399
0.13937535368635193
0.21300368025384273
0.3231464746438852
0.4868502227776408
0.7287007191729763
1.0840642579491595
1.6038486600019533
2.3618790984089095
3.467539083950752
5.09138219825452
7.53185924341038
11.47798005469671
1.7773461657358013e-05
4.458780785431919e-05
8.088403265892346e-05
0.00013715743270713957
0.00023041539243485957
0.00038613012816423253
0.0006425163485643913
0.001058147634119284
0.0017230321030210073
0.002774473725192771
0.004420090523231148
0.006971221027705693
0.010891151319944746
0.01686432115872218
0.025895072083461815
0.03944781877116618
0.059645137430023996
0.0895468281752171
0.13354285706817015
0.1979094322641605
0.291608890942118
0.42748519623553954
0.6241916121496675
0.9097205132707596
1.3291156770565788
1.965360170512719
3.0142420912237333
5.231825921337635

Erange 75000.0 100000.0

5.34722652436438e-06
2.9335345788005576e-05
7.794420445994551e-05
0.0001635102977617264
0.0003103380666014091
0.0005612614423847721
0.0009871305012123896
0.0017020454525922442
0.002887383643586052
0.004828517011721044
0.007970062065688042
0.012998268728170836
0.02096295289681554
0.03345668031415268
0.052876323139595754
0.08280245241436206
0.1285464334202786
0.19793519202552176
0.30243198793781245
0.4587328138519049
0.6910421452320579
1.0343433822030452
1.5392071335504423
2.279230497059965
3.3637429883435237
4.96344347806973
7.377008968134632
11.293074733218035
1.3848866712786266e-05
3.496420645730977e-05
6.422528074399328e-05
0.00011085156828305275
0.00018979249819623976
0.0003236153897281577
0.0005467478277421638
0.000912713310709869
0.001504624320381209
0.0024504009658675406
0.003945073258731463
0.006283381657271798
0.009907137885517564
0.015473588963650402
0.023953503710281564
0.03677113226590553
0.056002962059688105
0.08465896050001478
0.1270800799647972
0.18950233376937137
0.2808690547904898
0.4140431391215438
0.6077531842367035
0.8901351666158656
1.3064316369806335
1.9398043844798791
2.9859550412644587
5.199382405454911

Erange 100000.0 140000.0

3.991479954961762e-06
2.198720501971829e-05
5.890526173006801e-05
0.00012518031616235489
0.00024153524567753135
0.00044471016635781095
0.0007960973675010948
0.0013958401833713643
0.0024051630337238337
0.004080730226383008
0.0068267899198047955
0.011273593700680132
0.018394388130399692
0.029678633788751282
0.04738664952634921
0.07492145227987683
0.11736834467836472
0.18227349630314565
0.2807619982420454
0.42913828874392707
0.65117720616762
0.9814263687158781
1.4700673778736164
2.190427750165236
3.2517634440541547
4.824930255638227
7.208868255000471
11.091834807498854
1.0346862342302347e-05
2.6338249637987535e-05
4.916412854301245e-05
8.674834277534896e-05
0.00015194758780428323
0.00026440532385478294
0.00045469618333409404
0.0007711009718467
0.0012894728448137978
0.002127757911813279
0.0034674947327675617
0.005585492420042323
0.008900179331682422
0.014038952538275588
0.02193542166778625
0.033968992230147974
0.05216418521519709
0.07947410573244414
0.12018284604662782
0.18047837042907597
0.26927867836352665
0.3994632895161757
0.5898412436801937
0.8687080586761889
1.2815327235597582
1.91168824489995
2.954800144592791
5.163666162590388

Erange 140000.0 200000.0

2.9287097241919463e-06
1.6211294489452685e-05
4.3860626639419625e-05
9.463310124321836e-05
0.00018604994609815954
0.0003493943765511619
0.0006375682448360294
0.0011380795201948043
0.001993709375951546
0.00343456904920158
0.005827197217933671
0.009749051421957427
0.016100560249175083
0.026272317263678777
0.042392659447799845
0.06769166630053426
0.10703277867836304
0.16768452950177593
0.26043499640668427
0.4011952042193507
0.6133044483273886
0.9308639628203111
1.4036513854446626
2.1047075037398466
3.143200044406983
4.6901364769963045
7.044731962208944
10.894906305627384
7.599945789593838e-06
1.9535340209099297e-05
3.7160656136204285e-05
6.722566694134913e-05
0.00012069652213103665
0.00021459840053591846
0.0003759981286012543
0.0006483001768113125
0.0011005125730724488
0.0018410833738741884
0.0030385893339244744
0.004952462825414513
0.007978278215654642
0.012714011523554197
0.02005632833363888
0.03133963591517064
0.04853577656951428
0.07453950556949848
0.11357558363229604
0.17178036896999477
0.2580420507206907
0.3852520170265286
0.5722961014253114
0.847629061135607
1.2569519792288701
1.8838624046566568
2.923931086168498
5.1282957309537895

Erange 200000.0 280000.0

2.187887975241367e-06
1.217302105778866e-05
3.3280277384650595e-05
7.294651585196924e-05
0.0001461477506435841
0.0002798259055981046
0.0005201025046636251
0.0009442991970046586
0.0016801646722205163
0.0029359404461932336
0.005046805926292481
0.008545920293678393
0.014272096616783494
0.023531600046055763
0.038339327744621156
0.061775614958965434
0.09851040024837446
0.15556831587766237
0.243439200558
0.3776832590482275
0.5812481524315448
0.8878298248851654
1.3468344739190594
2.031033514764075
3.0495035108172392
4.573381799063933
6.902137854735053
10.723425645457905
5.683864101635673e-06
1.4761618602067145e-05
2.863922084439926e-05
5.31200028912619e-05
9.765726111159933e-05
0.00017719091014345152
0.00031593721698955905
0.0005532594185059319
0.000952423486460829
0.001613835283450162
0.002695001718544619
0.004440391442639413
0.007225736946277607
0.01162326005144731
0.018497020133015078
0.02914136949940742
0.04548081139069081
0.07035707490413387
0.10794019701910468
0.1643177452299961
0.24834763708314758
0.37292767817567907
0.5570086406904123
0.829186245882319
1.2353723738001468
1.8593753882752646
2.896735710900212
5.0971507815821235

Erange 280000.0 400000.0

1.6070031867276192e-06
8.996223208889756e-06
2.4903330256736718e-05
5.5597271413213874e-05
0.00011378123225419507
0.00022251943620373886
0.0004218452833351526
0.0007798397462569304
0.001410464737003683
0.0025017001910060442
0.0043594012767892145
0.007474944527557248
0.012628553354571935
0.021045689348535686
0.03463175327773065
0.05632151430959264
0.09059550579868533
0.1442379871996754
0.2274428250359289
0.35541953739182136
0.5507212109659467
0.8466317459799636
1.2921752687688919
1.9598406408284006
2.9586009577769
4.459717588193107
6.762921787948558
10.555632767123296
4.180340751600858e-06
1.099130280826382e-05
2.1822771688601605e-05
4.1621175974422805e-05
7.848461568768336e-05
0.00014548449813908576
0.00026422505480514413
0.0004703011644186479
0.0008215666081596167
0.0014107803843716492
0.002384836263299515
0.0039737397649737246
0.006533894710819361
0.010612242095881175
0.017040581368346817
0.027073311442312262
0.04258730399078407
0.06637038094501468
0.10253618298821561
0.15712087871604702
0.23894860519216926
0.36091957483420634
0.5420459855749467
0.8110632955302136
1.2140975460551333
1.8351776848641823
2.8698308488017825
5.066349620899207

Erange 400000.0 700000.0

9.917609137977847e-07
5.61571565668021e-06
1.5905578931798044e-05
3.668045117366575e-05
7.779911321491552e-05
0.0001574703243782781
0.0003080352227521647
0.0005857339949829306
0.0010866136806263423
0.0019719871993643633
0.0035086606810778888
0.006131766091278258
0.010541856280946737
0.017853461412239566
0.029820286970471933
0.049173663410606715
0.08012714696416229
0.1291233103698595
0.20593171918618178
0.32525471926745003
0.5090693312937355
0.7900513389150534
1.216653152188614
1.8609312710223198
2.831687087034342
4.300351181611193
6.567047622277454
10.318912411219488
2.5862090723245625e-06
6.95626109831625e-06
1.4392071614748994e-05
2.874925884264212e-05
5.642970465568392e-05
0.00010814505912642593
0.0002021008939835649
0.0003688922773676731
0.0006591003182679095
0.0011550942822986209
0.0019891964272602783
0.0033713558748037233
0.0056309115068987
0.00927906547653282
0.015101574633332329
0.024295245067122773
0.03866754865528627
0.060926803424727255
0.09510216196058996
0.14715087305959354
0.22584200604915872
0.34407208794479094
0.5209358458550991
0.7853686557167923
1.1838124863793347
1.8006332661854303
2.8313699702065134
5.0223450191392205

Erange 700000.0 1200000.0

6.243870742444705e-07
3.5837547513507616e-06
1.0424530634626105e-05
2.4910967538724005e-05
5.48216536959138e-05
0.0001148065303999889
0.000231490488679646
0.00045215860524583124
0.0008590837338469464
0.0015927682432411259
0.0028891299956185297
0.005138253059658019
0.008976135083193377
0.015426433468499803
0.026117293389759495
0.043609983170991296
0.0718927383781267
0.11711702885780055
0.18868749571084845
0.3008660121451099
0.47512403493520045
0.7435972663838382
1.154222692676153
1.7786576652841575
2.7255320837393326
4.166412460588324
6.401776404663582
10.11856522638141
1.6329106731735064e-06
4.511304110662316e-06
9.770509823422929e-06
2.0454024246766166e-05
4.172679855059072e-05
8.25404415798886e-05
0.00015847711044459983
0.00029619555479324744
0.0005404696680087612
0.000965266351597196
0.0016909815488903273
0.0029109600865339395
0.004931885217935304
0.008234716202420396
0.01356583086594651
0.022072242618732946
0.035500720158786525
0.05648910800327906
0.08899040639475064
0.13888891315246274
0.21489980129365738
0.32990928766337146
0.5030773832314516
0.7635106326257592
1.157931116384902
1.771014718506682
2.798340277794168
4.984574132350961

Erange 1200000.0 2000000.0

4.0370316213559476e-07
2.3541711422913717e-06
7.057573612279361e-06
1.751162431119145e-05
3.998197703771905e-05
8.651758104084795e-05
0.00017950101241220228
0.00035945947508640393
0.0006981140824218166
0.001319810424458466
0.0024361923309759396
0.004401544013890147
0.007800025204094134
0.013581611201940205
0.023271704375636543
0.03929119474223725
0.06544075124204898
0.10762751156023793
0.17494730054790258
0.2812860986936203
0.44768004577537496
0.705795087398322
1.1031142167130359
1.7109362858917831
2.6377277178978358
4.055162275207615
6.264028054745519
9.951137323627291
1.0593262130160056e-06
3.0185707613834373e-06
6.8658831794879865e-06
1.5046778554922312e-05
3.182893187575826e-05
6.484710011709137e-05
0.00012766407757989652
0.000243860437909589
0.00045361234593234906
0.0008241579727338823
0.001466238321223863
0.002559617356616681
0.004392266266516603
0.0074199303035661236
0.012355848225194005
0.02030472924789548
0.0329612503015901
0.05290210344877982
0.08401329609895744
0.13211363792116823
0.20586780977743016
0.3181478896142563
0.48816468770340044
0.7451687687530838
1.1361253599700833
1.7459877749472628
2.7703909434425067
4.952626774509824

Erange 2000000.0 4500000.0

2.0330900665342417e-07
1.2259721995909777e-06
3.9000493864165235e-06
1.0346548674455454e-05
2.5104573254227977e-05
5.722321695341548e-05
0.0001240915794841191
0.00025812480274594484
0.0005181574776824829
0.0010084979886612006
0.0019102647242876139
0.003532146072512572
0.0063914997207670885
0.011342304908756772
0.019774721642387954
0.03392304253932974
0.05733626485492922
0.0955906794116426
0.15736013123361753
0.2560121769552906
0.4119766499624099
0.6562580036536524
1.0356912360288544
1.6210528978513052
2.5205569278227222
3.906010837038453
6.07864411392436
9.725147433824423
5.372960626792664e-07
1.6313777234005112e-06
4.053582188809558e-06
9.562645330678188e-06
2.140029237042944e-05
4.5628018410594356e-05
9.332815320834305e-05
0.00018423715674012751
0.0003527071740962291
0.0006573395283833412
0.0011963286460791483
0.0021315852595548933
0.003726211411404738
0.006402085885163769
0.010827471574921069
0.018049062427338197
0.029689317308315376
0.048239120452325215
0.0774890829270111
0.12316278045588097
0.1938483490800667
0.30239008881049667
0.4680611192958136
0.7203071572907666
1.1064348627930074
1.7118002420359797
2.732149945273555
4.908937928661797

Erange 4500000.0 10000000.0

1.0453117858944355e-07
6.608617412970565e-07
2.263239779628554e-06
6.456580799232289e-06
1.6648773232985477e-05
3.988538010811069e-05
9.013431830037881e-05
0.00019412595183632066
0.00040148594866505004
0.000801953768960446
0.0015541047607406542
0.002932474750123789
0.0054037297272779
0.0097481213186169
0.01725076571642057
0.029999477630049398
0.05134367891607686
0.08659470336954253
0.14408515309896788
0.2367592019652705
0.3845463783654337
0.6178989765753549
0.9831034515051852
1.5504849076462728
2.4280266299570483
3.7876319869184405
5.930901453777237
9.544473553973464
2.7911359387760054e-07
9.225699169205882e-07
2.525970869540034e-06
6.400448408750558e-06
1.5105857774384374e-05
3.360200325419909e-05
7.118848251951222e-05
0.00014478894137667428
0.0002844248664965114
0.0005421792095475284
0.001006646872918385
0.0018259034247645597
0.003243545770723624
0.0056545862514208655
0.009691209964763319
0.016353052767086353
0.027203315594152448
0.044661579803193296
0.07243798977464
0.11617410461859103
0.18438950337219645
0.2898984327270837
0.45201785956261764
0.7003495143727266
1.0824839695902242
1.6841236033891487
2.701136203287264
4.87352184807004

Erange 10000000.0 50000000.0

2.883608355013751e-08
2.1533521290478e-07
8.922309745530507e-07
2.9625449220607536e-06
8.567451943237967e-06
2.243432347635065e-05
5.4443793898855104e-05
0.00012434900771925045
0.0002702071667839422
0.0005630773934606482
0.001132097168889575
0.0022064607569192898
0.004184511435918261
0.007745737975074526
0.014029823575166972
0.024919304936911416
0.04348066531140458
0.07464540686704813
0.12625156513534663
0.2106228965724005
0.34694729093744464
0.5648480693819434
0.9097754411882123
1.4513508415022998
2.297177622667234
3.619275978541861
5.719806682040045
9.28540894538464
8.026935386394373e-08
3.431660125547769e-07
1.1507249938591508e-06
3.3255150480524145e-06
8.631544858985621e-06
2.0673889190163757e-05
4.650257994599218e-05
9.941521329490123e-05
0.0002037413884778986
0.00040284592225487954
0.0007722776557802875
0.0014410293829550617
0.0026254207291881958
0.0046823958218659345
0.008192369379080482
0.014086602667824237
0.023841088169455484
0.039769020002557186
0.06545851893082533
0.1064240118543133
0.1710745747479101
0.2721680114354786
0.42907347105223687
0.671615155080402
1.0478076752969256
1.6438903234547084
2.6559588426369642
4.821957836337722

Erange 50000000.0 10000000000000000000000.0

7.2246193648183315e-09
7.947805205434051e-08
4.2064242178143404e-07
1.6235298675242196e-06
5.1991703168705275e-06
1.4668546651111404e-05
3.7705424076918065e-05
9.01796708136201e-05
0.0002035415234868656
0.0004379390624442907
0.0009049701100068852
0.0018063291005268592
0.0034982504743316482
0.006597202794116675
0.012150671665557649
0.021909404675932484
0.03875606413936719
0.06737255773930659
0.11526829896699824
0.1943501837935314
0.3233020082512726
0.5311764928093146
0.8628395371729328
1.3874103242942566
2.212207252365476
3.5093118591573305
5.581272308767191
9.114780312141413
2.3095697901478273e-08
1.5174284298730647e-07
6.211817019789001e-07
2.0193446034719265e-06
5.684986670359784e-06
1.4468629362219993e-05
3.413251437719442e-05
7.584802072328596e-05
0.00016053557840876553
0.0003262378591667722
0.0006404016188164239
0.0012199823490146536
0.0022638430447923645
0.0041042325427612
0.007287543243404729
0.012699528275383098
0.021757390677572788
0.03670161910421734
0.061035614898498174
0.10018369236083766
0.16247380492926894
0.26061721476056016
0.41400956019249524
0.6526199011491635
1.0247530046294373
1.617029280212683
2.625732716141634
4.78747600908045
