Published in J. Chem. Theory Comput. 2021, 17, 3, 1662-1677
Grids with 26 points for different energy ranges (Erange)
Structure:
Line 1     |
.          |
.          |   Time grid points
.          |
line 30    |-------------------------------
line 31    |
.          |
.          |   Weights
.          |
line 60    |
####################################################################

Erange 0.0 2906.0

0.00010719782131833758
0.0005720967766785331
0.001439669174001423
0.002769849121659816
0.004664000049778321
0.007283241780546586
0.010873000028774003
0.015792629918665993
0.02255038608921401
0.031847782299297675
0.04463988143266245
0.06221821662158963
0.08632310206096853
0.11929354905847961
0.16426574047985984
0.2254347024266385
0.30839852293765396
0.42061064113062563
0.5719741696129382
0.7756243966360713
1.0489645297600516
1.415051852321483
1.9044914330966105
2.558117126903484
3.4310117702125913
4.5990752550643395
6.171106184489477
8.314824292369494
11.326871889957468
15.91048796379593
0.0002759212187476099
0.0006589920695996667
0.001085937188673809
0.0015910122106733914
0.0022237295869651035
0.003055163774041633
0.004183672861951183
0.005739573533927359
0.007891868776677179
0.010860734164881057
0.014936866838559482
0.020507383044696917
0.02808894961545452
0.038370325842103176
0.052267550952526234
0.07099592893538823
0.09616415398590554
0.1298977096485147
0.17500152116499199
0.235176717264172
0.3153154828400979
0.4219165107665381
0.5637038218742615
0.7526245591453196
1.005629375577748
1.3482480324070423
1.8228149068796895
2.510939848106289
3.6132439344998795
5.9228966909439205

Erange 2906.0 3236.0

9.76676051737233e-05
0.000521439839796676
0.0013131673080453233
0.0025293903535565823
0.0042661250059111795
0.0066765801036800295
0.009994783165295324
0.014564000812497294
0.020870492553693578
0.02958685422269625
0.04163138568046643
0.058249942771901375
0.08112692839971898
0.11253369957795559
0.15552549205786806
0.2142017013001525
0.29404913356355256
0.4023941070276559
0.5489978387767454
0.7468418586806641
1.0131691905482183
1.3708791149003934
1.8504330035916199
2.4925505474173923
3.3522463174174093
4.505410618668513
6.060890691327169
8.186478838726869
11.178786177384513
15.74038405881577
0.00025141352623809566
0.0006009323005964832
0.0009917485369505094
0.0014564055840763494
0.002042200574311218
0.0028172406584227633
0.003875825130607345
0.005342947480157929
0.00738116098048549
0.010203263291670922
0.014091611662835478
0.019423788992341998
0.026705494627716198
0.03661296179988794
0.05004819563708869
0.06821123613467164
0.09269486715309114
0.12560901090026905
0.16974491105273157
0.22879407342136257
0.30764598759629597
0.4128070021079015
0.5530226357541534
0.7402778334602197
0.9915767219176012
1.332510891997349
1.8054641559432192
2.49203146209568
3.5925935804922893
5.89893592679766

Erange 3236.0 3810.0

8.47819458078811e-05
0.00045292247232938765
0.0011419488590203569
0.0022036034544386665
0.0037263081029974285
0.005851972143509195
0.008798246612654406
0.012885194918659285
0.018567320347579703
0.026475458982841895
0.03747475660944132
0.05274484615883288
0.07388876569982615
0.103079000554941
0.14325196624460337
0.19836605747691327
0.27374326191660053
0.3765207493043709
0.5162475872690495
0.7056742360429414
0.9618016216492792
1.3072886416997354
1.772376230882795
2.39760681930879
3.237886311434963
4.369085529708981
5.900122672480505
7.998902446784312
10.962002095892634
15.491026703179935
0.00021827426323305446
0.0005223668404015434
0.0008641224881204865
0.0012736436118541284
0.001795042273807457
0.0024921178119473955
0.00345325315447348
0.004795711504484412
0.006672726568911133
0.009286420295701826
0.012906984705977642
0.017897959998054307
0.02474875419566456
0.0341168643096291
0.046883167956700916
0.06422456826044022
0.08770953467687731
0.11942394754852313
0.16213754631449626
0.21952613567742027
0.2964736644552558
0.39949638395652903
0.5373706722452656
0.7221373998987525
0.9708812677144617
1.309288667276434
1.7798217912856973
2.464060270734846
3.5620371023687465
5.8635023001897295

Erange 3810.0 4405.0

7.475415175359787e-05
0.0003995782940364109
0.0010085401523130205
0.0019494530926649103
0.003304487334168418
0.005206188391856581
0.007858547072014874
0.011562196417307553
0.01674502130839572
0.02400284151062447
0.03415615402045192
0.04832877588615427
0.06805486346691048
0.09542279350363236
0.13326739942725138
0.18542592486136436
0.25707802147355546
0.3551966628680496
0.48914575629830964
0.6714729217979144
0.9189652081581203
1.2540675821639358
1.706822983665265
2.3176124905704714
3.1412403932005213
4.253555048851896
5.763534315696107
7.839184077942836
10.777063260156016
15.27796168145106
0.00019248226458298544
0.0004611671410305988
0.0007645470771240003
0.0011307064674945877
0.001601097912084883
0.002235885143791768
0.003118439955104845
0.00435950977219228
0.006104510985566756
0.008546583020796826
0.011945581030119579
0.016652984461283625
0.02314408570724871
0.03206002850298206
0.044263120398424796
0.06090977430142275
0.08354673398267808
0.11423814381228614
0.15573394602932067
0.2116949419787466
0.28699873776286255
0.38816866941911854
0.5240067210209787
0.7066019007188943
0.9531097377337013
1.2893015561438181
1.7577121859945424
2.439914418694296
3.5356481389173076
5.832916244207001

Erange 4405.0 5400.0

6.263685476987877e-05
0.0003350864107617077
0.0008471021406263553
0.0016414732496533968
0.0027923267352349805
0.004420069092229887
0.006710856247430801
0.009939856329159545
0.014500042255919464
0.02094127936473627
0.030025328730095918
0.042802276529506474
0.06071482338334902
0.08573906273600417
0.1205734666631485
0.168891746293846
0.23568035070007362
0.3276881055094081
0.4540246498488577
0.6269572963379791
0.8629754834557104
1.1842241235652444
1.6204657246854692
2.2118496417292866
3.0130302596964915
4.099816741357715
5.581265514191353
7.625526452879397
10.52915117245689
14.99185357007055
0.00016131234676709978
0.0003871323803883455
0.0006438639425224474
0.0009569827684469891
0.0013644640382973136
0.0019216628235682472
0.002705305661659533
0.003817552287654078
0.005393559577915718
0.007614615789728071
0.0107267793784036
0.01506524759897237
0.02108608211163133
0.029407976403737046
0.040867556214958384
0.05659266977268607
0.07809948510740791
0.10742117687653448
0.1472789549319935
0.20131104861420793
0.27438405593923587
0.3730286538370253
0.50607994537212
0.6856919919465865
0.9291183488974969
1.2622503775094018
1.7277292939880777
2.407128771305674
3.4998023815666013
5.791398263742947

Erange 5400.0 6800.0

5.1260796624319686e-05
0.00027449998212479283
0.0006952559402364613
0.0013512581469068891
0.0023084695955214183
0.0036748571064951344
0.005618146035815099
0.008387084892047715
0.012338401496919359
0.01797419704821914
0.025994966614220735
0.03737346294738748
0.05345583818085436
0.0760988446106003
0.10785503448538585
0.15222193676863333
0.2139764359272559
0.29962253812775563
0.4179901608236006
0.5810358869798488
0.8049164836351872
1.11143825413834
1.5300435290071273
2.1006127473331047
2.8776209315806276
3.93682226153259
5.387354342884511
7.397531351751853
10.263919356557402
14.685102820756857
0.00013204473011131683
0.0003175248324260899
0.0005301211290638112
0.000792646090309341
0.0011394726365449568
0.0016209075495792747
0.0023066917116162182
0.0032900298122596973
0.004695415042196518
0.0066917090579473775
0.009510290459434545
0.013468802311717997
0.019002357781084556
0.02670497738030662
0.037384817040713114
0.05213776033026327
0.072445378072951
0.10030529745315488
0.13840505606579703
0.19035539860923475
0.2610076849435031
0.3568973694825793
0.48689310015691706
0.6632189222745253
0.9032371034193576
1.2329755271865048
1.695201274879912
2.3715025399546223
3.4608285109987857
5.746290251951392

Erange 6800.0 8400.0

4.264827171158114e-05
0.00022859921129368268
0.0005800651655637003
0.0011306618266057897
0.001939659276932296
0.0031047255791507274
0.004778205945319036
0.007186731964418128
0.010656673525706605
0.01565005735652159
0.02281575734702256
0.03306097534037487
0.04764947470167637
0.0683354702649706
0.09754528626464402
0.13862301432535307
0.19616179200890152
0.27644949046799433
0.3880673249123362
0.5426935306072133
0.7561844283103211
1.0500376608384598
1.4534003880410857
2.005901250325418
2.7618425195091647
3.796918364528742
5.220333260426152
7.200552079960992
10.034172866297915
14.41882124837872
0.0001098833579123983
0.0002647437855875365
0.0004436472669265954
0.0006672101026873376
0.0009667895306084336
0.0013884135997529708
0.0019959070037335724
0.0028749526284055213
0.004141093118158889
0.005952643864305207
0.008528340123693306
0.01217052007837369
0.017295858304956554
0.024476476682491477
0.03449505017711748
0.04841859097574648
0.06769708781585487
0.09429528482789237
0.13086897935334732
0.1810021324793278
0.24952974948475865
0.3429885311920854
0.4702742651357602
0.6436716531183656
0.880640225748484
1.2073331130934455
1.6666371474517014
2.3401654531537157
3.4265253480645885
5.706615197039722

Erange 8400.0 10000.0

3.6638445936143444e-05
0.00019654898584533858
0.0004995365456010348
0.0009761629469610179
0.001680692380508944
0.0027030234477272513
0.004183824314963024
0.006332898868769434
0.009453508422633638
0.013977114132271049
0.020513053005428484
0.02991804681839935
0.043392038467264346
0.06260934488416951
0.089897358898568
0.12847922117893293
0.18280238941596594
0.25898237331386087
0.36540085871444006
0.5135113514430796
0.718925939367594
1.0028894169830442
1.3943048957706679
1.9325902027814568
2.6718997828791795
3.6878719059499683
5.089761008341865
7.046156150294659
9.853694451194254
14.209263474504755
9.441684068693651e-05
0.00022786014262271372
0.00038307351711976584
0.0005790223101422384
0.0008447661561374952
0.0012230417856923205
0.0017731334822002557
0.002574990545123123
0.003737321923840727
0.005410302324390409
0.007802786243657
0.011205034742082835
0.016019061597614896
0.02279945700439318
0.032308353668577205
0.04558931015753348
0.06406643328220389
0.08967722561429306
0.1250507942222136
0.17374800817672645
0.24058882427995695
0.3321088613980677
0.4572237934265981
0.6282658627647734
0.8627730246821379
1.187001575527606
1.6439399241381616
2.3152296444802993
3.3992160109205325
5.6750508010285134

Erange 10000.0 12000.0

3.125352048295285e-05
0.00016781351172929327
0.00042725280780375096
0.0008372368297287864
0.0014472482996344947
0.0023397061489668085
0.00364397706459525
0.005553554215846271
0.008349288769114196
0.012432933353972381
0.018375235671074245
0.0269833920064158
0.03939439104594155
0.057203310896803944
0.08263890933961444
0.118803108858221
0.16999660677619183
0.24216036024367976
0.3434728927615001
0.4851575786991668
0.6825748514741242
0.956707159367906
1.3362022902301018
1.8602550523674573
2.582860494442485
3.5795923551771076
4.959752013207221
6.892057403111867
9.673196873736643
13.999332658018544
8.055654719138439e-05
0.0001947658525515697
0.00032859686532794565
0.0004994306825817649
0.0007340947583837473
0.0010721035282296792
0.001568310846736925
0.002297102568888374
0.0033605346972129828
0.00490077013024238
0.0071168327918336724
0.010286868707377024
0.01479808821232481
0.021187271898748812
0.03019555503700218
0.042842362400043486
0.06052496436664667
0.08515234916902564
0.11932532276255173
0.16657974696296404
0.23171843775477596
0.3212739304330216
0.4441803236632917
0.6128171239515162
0.8448023886795951
1.1664998500858539
1.6210063652060114
2.2900001311037035
3.371570229987856
5.643112922874634

Erange 12000.0 15000.0

2.572460674430881e-05
0.00013828809639808773
0.0003528803185321503
0.0006939963784805861
0.0012058419667301263
0.00196250811153749
0.003080710120197529
0.004735659001322314
0.007183065998906602
0.010791253848864667
0.016087325873200328
0.02382213056319325
0.03506059129972535
0.051306532736392435
0.07467445268948096
0.10812503757927873
0.15578699671299615
0.2233955307214805
0.31888824542436384
0.45321390622010965
0.6414306299530386
0.9042033223791973
1.2698679478183343
1.7773436933847355
2.4804246798636003
3.4545978455659587
4.80921488681201
6.713149815396915
9.463167209838238
13.75460415331797
6.632324623333035e-05
0.00016073115506706547
0.0002724186286744679
0.00041700914328903177
0.0006188187442380069
0.000913709771883424
0.0013515392555132155
0.002000450746020119
0.0029549917404197673
0.004348167160940399
0.006367634264735562
0.009277411142785488
0.013447324345434384
0.01939310256171694
0.027830892296757826
0.03975118351588367
0.056518799068157294
0.08000790205760616
0.11278427119956595
0.15835215912014322
0.2214916578911036
0.3087289982044895
0.42901765162073763
0.5947915793660636
0.8237640916060611
1.142429482918768
1.5940199744065582
2.2602675888442345
3.3389719364130626
5.605477212236766

Erange 15000.0 20000.0

2.0010353507234397e-05
0.0001077433422458143
0.00027580023006758454
0.0005451258515021734
0.0009539529098224693
0.0015668441726082855
0.0024859562396115408
0.003865438814677545
0.005931997279200694
0.009015206545406032
0.013591237471033118
0.020344680291656994
0.03025506904355767
0.04471729454363523
0.0657084625235162
0.09601821543882148
0.13956549956219141
0.2018327748807436
0.2904595479070126
0.41605219017177664
0.5932887745998796
0.8424313672051914
1.1914160744119529
1.678803642976038
2.3581208348346263
3.3047307785320212
4.6280385004171025
6.497115386386612
9.208843054933286
13.457588010635305
5.1609539489171625e-05
0.00012547938250585046
0.00021401951207906163
0.0003308508348857692
0.0004973777574979467
0.0007451991801870302
0.0011183825299403462
0.0016778698024847744
0.0025094583225573333
0.0037353071207149595
0.005529432603001048
0.008138731296629963
0.011911786975259289
0.0173383968709882
0.02510367274551181
0.03616185208550007
0.05183670042056887
0.07395778747131394
0.10504533244757883
0.14856147943385148
0.20925449434054086
0.2936386766166653
0.41068755123213285
0.5728998438821491
0.7981069410955339
1.1129693992413612
1.5608972768887142
2.223705100788062
3.298855550400102
5.559194240832182

Erange 20000.0 28000.0

1.4913158562437485e-05
8.046249863674396e-05
0.00020679269836799646
0.00041135606175085387
0.000726429457279576
0.001206954515218603
0.0019403041016435166
0.0030592205520702234
0.004760844972277948
0.007334997531745175
0.011205132165430936
0.016986616421301493
0.025568952229820977
0.03823114994605764
0.056802896237992014
0.08388874591064059
0.12317874197383723
0.17987720132408636
0.26129273365588884
0.3776482327688284
0.5431920469707082
0.7777259064649447
1.1087233079248426
1.5743236370665366
2.2277313150621567
3.144149304477041
4.433028932012796
6.263665410565493
8.933099495687644
13.134684015624826
3.848089108885685e-05
9.39454195069688e-05
0.00016153027576924122
0.0002528432683507074
0.0003863006748200446
0.000589103857593431
0.0008994092337673156
0.0013708168552981645
0.0020800635852347526
0.0031378613819817206
0.004703620407911122
0.007005705166384156
0.010369489117192241
0.015256172448531693
0.02231631000951314
0.03246335096484727
0.04697433098325742
0.06762737851039459
0.09688924910721004
0.13817140362709024
0.19618184162864452
0.2774160356134996
0.39086437274546876
0.5490937144681445
0.7700664939132916
1.0806338759241187
1.5244170903885788
2.183343539374224
3.254529601017961
5.508095437648589

Erange 28000.0 38000.0

1.1418872198921082e-05
6.173413750253069e-05
0.00015929220328335313
0.00031889503854739523
0.0005682342649483396
0.0009547547779672074
0.0015542608919948567
0.0024827272879236525
0.003914044995780404
0.006106526724782397
0.009441451620849054
0.01447827421468276
0.022033096235727034
0.03328960553532699
0.04995516756713029
0.07447945346316431
0.11035934551634245
0.16256247169247554
0.23811344985212937
0.3469031346310937
0.5028042883523934
0.7252121362263632
1.0411867545570728
1.4884852069632906
2.120012518561155
3.0108136851550755
4.2703677397197355
6.068165404997884
8.701408700808228
12.8626331750244
2.947787098787719e-05
7.225954134028555e-05
0.0001252402865134724
0.00019846473664424758
0.00030798161384563543
0.0004775038459907116
0.0007405481153276563
0.0011449321771295313
0.0017601237436588445
0.0026874815648166833
0.004074324357547685
0.0061335185303593494
0.009170846038462778
0.013623145317805922
0.020111251332522298
0.029513178507526473
0.043064913823154624
0.062498815014491525
0.09023329634576005
0.12963292767495377
0.18536685282870904
0.26390946533406945
0.3742607782294386
0.5290426355523791
0.7463296721416969
1.0531417380773798
1.493293292834725
2.1488272848196677
3.216586556758033
5.464388958502095

Erange 38000.0 50000.0

8.982546693806235e-06
4.865818678309805e-05
0.00012604148335636865
0.00025390861901678955
0.0004563995854196066
0.0007750952045840026
0.0012767265489376275
0.002064101925548432
0.0032927700122513484
0.005195994959981289
0.008121235122746024
0.012582721029292343
0.019336695756878207
0.029488494866509965
0.044644170175709534
0.06712415308115761
0.10026296333569998
0.14882782019535817
0.2196010954609523
0.3221882442730784
0.47013658664261176
0.6824859983381489
0.9859314820504801
1.417888163895422
2.030988118342932
2.900125529064684
4.134793295219112
5.904650857570968
8.50705581410213
12.633884453832914
2.3198709666506916e-05
5.709307522017352e-05
9.972792415428492e-05
0.0001599273928986242
0.0002518605559821019
0.00039647689416403176
0.0006236485188629505
0.0009766180462365724
0.0015189982582493745
0.0023445004429086033
0.0035904524574293063
0.005456804956339633
0.008232881015796438
0.012334887697009843
0.01835828332102448
0.027150564163334993
0.03991202944665125
0.05833481297012722
0.08479428042701978
0.12261246982859136
0.17642213365813839
0.2526759210340022
0.3603782883628389
0.5121951678672628
0.7262964913958404
1.0298496814196687
1.4668430564566999
2.119432331068027
3.1842446525056274
5.427158434113688

Erange 50000.0 64000.0

7.238349702296008e-06
3.928458373506955e-05
0.00010214563688496669
0.00020702207021802802
0.0003752580104799391
0.0006437818300993232
0.001072114382774453
0.0017525850080720873
0.002826070350614258
0.004505651346498813
0.007111320652225213
0.011120302372900251
0.017239502228764955
0.026509227663294707
0.04045088318380033
0.06127621597555976
0.09218233054747209
0.13776574927878416
0.2046011860485274
0.3020478300836994
0.443370229666864
0.6472971651730427
0.9402012658200933
1.3591924682162404
1.956655369037565
2.8073424394429862
4.020750844752612
5.766686098521229
8.342653009498491
12.439991369032668
1.8702020468622055e-05
4.6203219782190167e-05
8.131762180666392e-05
0.00013190143534228278
0.00021061299324796057
0.0003361903026363539
0.000535605997735673
0.0008484276122519987
0.0013334887847408908
0.0020781819161196638
0.003211507934451115
0.004922574199422692
0.007486789650255751
0.011302797934300408
0.016944298667165195
0.02523242357196762
0.03733639323117268
0.05491299477721061
0.08029934786534572
0.11677913471088484
0.16895145657274943
0.24324744526263437
0.3486724489732179
0.49792796808610074
0.7092652162431419
1.009980880755789
1.4442192775687972
2.094243792411222
3.1565101709731045
5.395251764843703

Erange 64000.0 84000.0

5.706429844293361e-06
3.1040364829701505e-05
8.107328661660111e-05
0.00016550326188419503
0.0003029763316477536
0.0005259009041296794
0.0008867852843333584
0.0014677450288040894
0.002395273728414361
0.003862517134876226
0.006162129729070569
0.00973422779264423
0.015235895683403678
0.023641332048275565
0.03638532798309582
0.055567718600602306
0.08424323176407787
0.12683043751734444
0.18968622248619452
0.2819098113026998
0.4164652673968472
0.6117484077902107
0.893783996100621
1.2993493017998998
1.8805551654919748
2.7119921346520504
3.9031533013982855
5.623997981838861
8.172198452849088
12.238558563265647
1.4751349028333799e-05
3.660909835718544e-05
6.501211560655282e-05
0.00010687536539993863
0.00017337123549154558
0.00028107588099189824
0.000454137569267576
0.0007285000756826098
0.001158211238344495
0.0018242672088928367
0.0028471735084972696
0.004404897269066725
0.006758454939132606
0.01028819929336629
0.01554501319618277
0.023322182186959424
0.03475584758118297
0.05146485198022031
0.07574483876932264
0.11083732616584702
0.16130359908425193
0.23354923720333218
0.3365774511982118
0.48312462993088157
0.6915266416555069
0.9892183849743513
1.420514754404278
2.0678032116600904
3.127373080182709
5.361746811812883

Erange 84000.0 110000.0

4.507925303711096e-06
2.4580451494530444e-05
6.451263281768541e-05
0.00013272058871030806
0.0002455197572529811
0.0004313910776655633
0.0007367445062259567
0.001234786889942828
0.002039383465959761
0.00332603532508658
0.005363004530984576
0.008557044500582709
0.01352012174944254
0.021166153619467505
0.03285042829603399
0.05056939685207151
0.07724543673788668
0.11713067199112848
0.17637697527453522
0.263837336282913
0.39218930488595755
0.5795089364205666
0.8514842120807159
1.2445671334250805
1.8105970655011243
2.6239991397280553
3.7942542214271437
5.491467032685958
8.013480504379215
12.05062051565182
1.165943020924494e-05
2.907711562944157e-05
5.2135381292650646e-05
8.692931914146652e-05
0.00014332433921579002
0.00023600989072825049
0.0003866717964299752
0.0006280479343018203
0.0010098870748762492
0.001607379741603303
0.00253325997236095
0.003955231709080428
0.006120960061358173
0.009393712743103142
0.014302912174317341
0.02161546778139668
0.03243595167457546
0.04834668628642002
0.07160299218511915
0.10540485530435402
0.15427553890661685
0.22459367842315606
0.3253574621758251
0.46933370101682803
0.6749372715340488
0.9697356715189667
1.3982111886845372
2.0428791235793997
3.099885407679866
5.330156088439341

Erange 110000.0 160000.0

3.2492504706355543e-06
1.7782935938647487e-05
4.702094527107548e-05
9.788765130060788e-05
0.00018394800566011574
0.0003290226690843259
0.0005722787919864911
0.0009762934532250238
0.0016397346725346576
0.002716663917457915
0.004445425742834286
0.007191491449190322
0.011510534331810433
0.01824066242763528
0.02863642038498904
0.044562287024877995
0.06877046943314344
0.10529755457345026
0.16002804271088766
0.24149146592791995
0.361986165199179
0.5391615439925698
0.7982521139849742
1.1752670593405194
1.7216703901842698
2.511651208522495
3.654660979891775
5.320994285506342
7.808735565003434
11.80762543615471
8.410837332223653e-06
2.113245841372446e-05
3.845111058827689e-05
6.548419810172488e-05
0.00011052592304298797
0.00018602054544749434
0.0003107143750285354
0.0005134448260073493
0.0008386432327700857
0.0013542399463937198
0.002163165180703502
0.0034200707057045
0.0053555078104983965
0.008310672199526598
0.012787041135722151
0.019516894799063707
0.029562998187469335
0.044458853860523784
0.0664052872217014
0.09854535532252624
0.14534905940024856
0.2131554574377401
0.3109515151654752
0.4515398978356489
0.653437304234083
0.9443877723109725
1.3691021780052584
2.010279336423766
3.063897971847719
5.288820184644417

Erange 160000.0 220000.0

2.460537860443357e-06
1.3513517677623214e-05
3.598515389781885e-05
7.575261086818076e-05
0.0001444216294004159
0.00026247903310060725
0.0004639039840208787
0.0008036114726657992
0.001369205915452374
0.0022989755449385045
0.0038090333768977967
0.006233886266199457
0.01008661073890614
0.016147469119526157
0.025593516684082565
0.04018693519947543
0.06254703089827915
0.0965408099871576
0.14784085162679408
0.22471839016516207
0.33916659817804756
0.5084886871639984
0.7575478060875892
1.1219864437669036
1.6529529420726783
2.4244318079577103
3.5458393070593472
5.187620119758077
7.648065546110419
11.61648316806262
6.374120402922641e-06
1.6128252577743594e-05
2.9754113670763418e-05
5.166430893732005e-05
8.901502625196717e-05
0.00015264214630912148
0.0002591687585053359
0.00043455383137211705
0.000719240735481554
0.0011756556233951615
0.0018992288700902785
0.003034542038483531
0.004798831948386736
0.007515980097531093
0.011665360331427038
0.017951632069288924
0.027403921176393425
0.041516070343442624
0.06244414300326091
0.0932837802259788
0.13845969920620585
0.20427585444540086
0.2997063234922189
0.43757882986144675
0.6364895482287001
0.9243252918542686
1.3459866886820373
1.9843322156142236
3.035224685946777
5.255903429150008

Erange 220000.0 370000.0

1.5637740408395342e-06
8.644581438556428e-06
2.3326026659580105e-05
5.012244143843333e-05
9.804997776691128e-05
0.000183175648888439
0.0003325825937550191
0.0005909069030179598
0.0010307262850542825
0.001768639145774748
0.0029898323691103764
0.004985271727949821
0.008207526024267482
0.013353895620644004
0.0214892751837372
0.034226463130117915
0.053989018153179254
0.08439206340451581
0.1307907673641504
0.20106621537104283
0.3067466011130968
0.46460274135109153
0.698920779817791
1.0447664262134877
1.5527831264532448
2.296617666855539
3.3856119528633637
4.990434105875191
7.4097119078577
11.33215729315795
4.056801137252665e-06
1.0400304864325584e-05
1.968307964805301e-05
3.537211676997081e-05
6.309758174077909e-05
0.00011156144898932593
0.0001945228908869725
0.0003339605532184735
0.000564711446670201
0.0009413729224733118
0.0015485976328911168
0.0025163527439127716
0.004042366217657837
0.006424908889055276
0.010110351754549359
0.01576172006986062
0.02435693199744164
0.03732881710193292
0.05676374129839576
0.08568239505343193
0.12843634401072082
0.19127041101280928
0.28313227875730185
0.41688110772833514
0.6112296495300013
0.8942832614684186
1.3112417204467246
1.9452277892500305
2.9919599852080703
5.206267501211972

Erange 370000.0 520000.0

1.162904999603526e-06
6.460220717190712e-06
1.7606607480068412e-05
3.8410731277459235e-05
7.652869912290393e-05
0.00014570244755436322
0.00026937164379552174
0.0004866802067040396
0.0008620687596415197
0.001500239074857704
0.0025692139442485516
0.004335527408651135
0.00721744537817494
0.011864777494471953
0.01927761941951377
0.030981700048419165
0.04928550606403292
0.07765484694198317
0.12125517110926898
0.18773242857967326
0.2883321960866146
0.43949878526491704
0.6651609536255874
1.0000229662476519
1.4944068851808134
2.2217383426459816
3.2913012165448343
4.873895944019108
7.268367413333011
11.163103194460474
3.0200745063435063e-06
7.819224105572315e-06
1.5081156733800399e-05
2.776801766506454e-05
5.0700455074630125e-05
9.145615638049602e-05
0.0001622504928743556
0.00028286367265657205
0.0004849887879932366
0.0008187828750348566
0.0013627221411797283
0.002238314348285273
0.003631885398877431
0.005826597760169261
0.009249172128608455
0.014537611686674936
0.0226387619956523
0.03494804598497715
0.053508604450163914
0.0812939971568708
0.12260888215529167
0.18365876903663883
0.27337120427563866
0.4046203209300098
0.5961868839329513
0.8763095433545912
1.2903758814089559
1.9216820534456363
2.9658783009061263
5.176364379511127

Erange 520000.0 700000.0

8.982200709109713e-07
5.013746520038623e-06
1.3797556086375253e-05
3.053886905121258e-05
6.188411270912267e-05
0.00011984809712211666
0.00022515174308936954
0.00041280335546669807
0.0007410557365297971
0.0013054805064640572
0.0022608163607798406
0.003854540538433318
0.006477967304857807
0.010743336152506139
0.01759914400488243
0.028501352515678965
0.04566568530951012
0.07243687914225057
0.11382566141804518
0.17728511649027562
0.2738276317065499
0.41962643246873177
0.6383115216108352
0.9642825901967439
1.4475879782153047
2.1614613507414213
3.2151308325865324
4.779503431415253
7.153609650797204
11.025589359258367
2.33509910395076e-06
6.10398857813977e-06
1.1988268517456785e-05
2.2570731247056643e-05
4.206867163196105e-05
7.722227756857685e-05
0.00013907449507452585
0.0002457091386543816
0.00042636927263886435
0.0007277240308901886
0.0012233619517539264
0.0020280492037779985
0.0033189631613667883
0.005367062740884365
0.008583092022062843
0.0135845766573915
0.021292762750234086
0.033072042665578866
0.05092942142345538
0.07779867772338114
0.11794435500606822
0.17753757154997848
0.26548687080483935
0.3946762763128839
0.5839408961339644
0.8616294721408878
1.27328786626255
1.902362545255473
2.944458259522062
5.1518134931437265

Erange 700000.0 1100000.0

6.070765776691511e-07
3.416871225040894e-06
9.561919657171797e-06
2.1683051083242104e-05
4.515689173365717e-05
8.982491421280511e-05
0.00017296367691311632
0.00032428348083868487
0.0005940202656656541
0.001065793876730367
0.0018767883279394732
0.0032490764599530236
0.0055377486897541
0.009304158830434279
0.015426407047504075
0.02526460961553787
0.0409062041812229
0.06552740429734295
0.10392219781712
0.16327176797255086
0.25425762049527484
0.3926657116824371
0.6016960744289409
0.9153062522487351
1.3831427017478757
2.0781516959653166
3.1094698633638336
4.64815163738497
6.99350202546865
10.833342615226073
1.5810344568110277e-06
4.201983132608034e-06
8.509301559244783e-06
1.660217499192091e-05
3.1937948250709083e-05
6.0196622838881555e-05
0.00011090164490251824
0.00019990225033881748
0.0003531805009952824
0.000612721804071078
0.0010454964371682956
0.0017570690249359784
0.0029120339233426416
0.004764440773172712
0.007702737556158165
0.012315669576916223
0.019488241944529968
0.03054057337997689
0.0474276677063864
0.0730254826754342
0.11153946595828376
0.1690888848289202
0.2545515426791882
0.3808215765752087
0.5668083660036856
0.8410170454494971
1.2492234533619844
1.8750991975085831
2.91420232217261
5.117153113908438

Erange 1100000.0 1800000.0

3.9676424024146875e-07
2.2573188915559954e-06
6.453978574008018e-06
1.5076014172691726e-05
3.241300804980766e-05
6.644316731632574e-05
0.00013145859105193587
0.0002525113816701914
0.0004726891479758136
0.0008648183450896165
0.0015500448519401517
0.00272698303228361
0.004716941205527944
0.008033374074156422
0.013487530814882825
0.022347744374551653
0.03657761361377878
0.0591894063537043
0.09476465831169727
0.15021601736547668
0.23589569241536856
0.3672011309219512
0.5668972518738795
0.8684896297613345
1.3212084913196627
1.9976957850654782
3.00698161245029
4.520261622699826
6.837125864760079
10.645115539809895
1.0356874216884052e-06
2.812088667709278e-06
5.914445821533368e-06
1.2021336664547268e-05
2.3940050145157427e-05
4.6430499419310365e-05
8.765815047744608e-05
0.00016143932217372545
0.0002907528424437285
0.0005132235070598931
0.0008895970920506905
0.0015167009659352298
0.0025470709958953243
0.004218406965056695
0.006897410357753999
0.011144514451186464
0.017808764773569234
0.028165958189904933
0.044118529654135305
0.0684833014292294
0.1054043456969387
0.16094570015015752
0.24395004441521287
0.3673168074143
0.550025709656669
0.8207374761240367
1.2254629611475691
1.8481116761650778
2.884215749911384
5.082816358644647

Erange 1800000.0 3300000.0

2.3571329342099874e-07
1.3632343165414816e-06
4.023756596461991e-06
9.795394424152668e-06
2.195714519062327e-05
4.674841254419276e-05
9.563512339593217e-05
0.00018918230274547437
0.00036348321259617266
0.0006806544569921736
0.001245724390748882
0.002233454990133142
0.00393042938989855
0.0068003647335751725
0.011584430850915652
0.019453873577319414
0.032240162866761804
0.052779185694875504
0.08542204924536101
0.136787796738067
0.2168656674798965
0.3406212481786099
0.5303313641534245
0.8189892522205988
1.2553469341161432
1.9116889104572583
2.896909089589307
4.382351904816623
6.667935664555373
10.44093549828013
6.17436261768095e-07
1.7313881986083482e-06
3.841234035608705e-06
8.228727173271725e-06
1.709820341911912e-05
3.4332974259821285e-05
6.676429369632049e-05
0.00012617607786624823
0.0002325052400773221
0.0004189073145508487
0.000739676578430109
0.0012824873185346604
0.0021871159459730906
0.0036737980596718025
0.006085791120718465
0.009952725340223944
0.01608416328295351
0.02570677247015947
0.04066411629576856
0.06370600198386596
0.09890586632566792
0.15226260044097462
0.23257478024275838
0.35274192070832605
0.5318168800175598
0.7986316416317844
1.1994633292908101
1.8185003473260537
2.851271019221645
5.045111765749473

Erange 3300000.0 6000000.0

1.4156108142769783e-07
8.358408090279267e-07
2.563425668333653e-06
6.532496957198105e-06
1.529085429435563e-05
3.381004239065925e-05
7.145759572627074e-05
0.0001454048583206386
0.0002863676783658706
0.0005481076173216848
0.0010229120533241523
0.0018664583231752616
0.0033372345185815654
0.005858297289124
0.010112965971934416
0.017191603273076256
0.028814641239522522
0.04766849746482397
0.07790741829272711
0.12589760019317675
0.2013131761655887
0.3187416881227427
0.5000288557106496
0.7777107650960449
1.200107192058866
1.8391727503056268
2.803666178964093
4.265054523983134
6.5235529232359735
10.266242055151874
3.724391604535185e-07
1.0869250980985111e-06
2.5605516562597e-06
5.7850356623393795e-06
1.2528619638131183e-05
2.6016291223482876e-05
5.204832564381964e-05
0.00010081228246405614
0.00018982349811898816
0.0003486351977763963
0.000626280938172421
0.0011028905979224082
0.0019076162117445236
0.0032460080919710396
0.005441424633595424
0.00899711363781583
0.01468851247521531
0.023699427657021866
0.03782154672437762
0.059744945747629535
0.09347917704011861
0.1449628687820927
0.2229515840638538
0.34033980700933175
0.5162398701965166
0.7796319970356158
1.1770306615230532
1.7928810285625805
2.8227297861916565
5.012462806749877

Erange 6000000.0 18000000.0

5.619543540742037e-08
3.5072928313745456e-07
1.1785442886447028e-06
3.3029924055616623e-06
8.394882189434066e-06
1.987896075698813e-05
4.449626404673206e-05
9.506973724339386e-05
0.00019528307697601834
0.0003877720465039687
0.0007475784942017128
0.001404160723388905
0.002576876821658531
0.004631430044514
0.008168570072664031
0.014161927673231893
0.024169988544510326
0.04065896918886588
0.06749026098429482
0.1106503055340562
0.17933541972048098
0.28755422315274737
0.45648527437792397
0.7179486868235401
1.119577032884951
1.7327879813628193
2.6661030665007965
4.091161983842176
6.3086506803163065
10.005419833797736
1.4962249041277701e-07
4.835223883864694e-07
1.2927723889950915e-06
3.221113081192073e-06
7.5085382788298944e-06
1.653889597388599e-05
3.475621269796358e-05
7.020789074538884e-05
0.000137107896070371
0.0002600215543190807
0.00048059369103468994
0.0008682158907070847
0.0015367276921454673
0.0026702645844449866
0.004562839898703722
0.007678366608423676
0.012740848501038493
0.02086877544772841
0.03377384609132226
0.05405280484981297
0.08561371875294983
0.13429708936338725
0.20878452860262342
0.32195328331951945
0.4929981089833493
0.7511227960385115
1.1432128213684527
1.7541296769802968
2.7794877584199225
4.963023556769552

Erange 18000000.0 50000000.0

2.4343774571442308e-08
1.6513085830933388e-07
6.196802532079424e-07
1.9114039978346155e-06
5.2375690334248195e-06
1.316277905469794e-05
3.092030271194152e-05
6.876819455159673e-05
0.0001461441409773963
0.0002988264714800754
0.0005910302376020617
0.0011354771724870155
0.0021261659208679307
0.0038911087717360972
0.0069760886290369745
0.012276085772085119
0.021239226973771258
0.03618004618429005
0.060756103616981624
0.10068683961443668
0.16482922554469034
0.2667764798918916
0.4272231990996556
0.6774637303634756
1.064618278549332
1.6596947503579922
2.5710208535654164
3.9703478472317504
6.158711044835771
9.822845740299956
6.607779435757453e-08
2.4531316662915766e-07
7.456766806787507e-07
2.026328956129065e-06
5.0327732385235214e-06
1.1652295901214502e-05
2.5505955301673674e-05
5.331453501898778e-05
0.0001072058234797249
0.00020853777085767683
0.0003941273627591354
0.0007262462873395727
0.0013084426047463612
0.00231027419159065
0.004005535279633006
0.006830718203653046
0.011473559821092195
0.019005957730023747
0.031081856143062504
0.0502296954993904
0.08028203266369409
0.12700459445500437
0.19901982937944282
0.3091853239783209
0.4767481905112323
0.7310696923220488
1.1193069602208368
1.72663775937696
2.74875508795335
4.927904659791831

Erange 50000000.0  10000000000000000000000.0

3.3134286206436378e-09
3.608476731974466e-08
1.9011771017402648e-07
7.319641454121685e-07
2.3402664590560514e-06
6.59508695658557e-06
1.6937909149354525e-05
4.048237319663682e-05
9.132011445721631e-05
0.00019639172259169963
0.0004056673541505352
0.0008094360939409007
0.001567130287522824
0.0029545924806747004
0.005440438931022152
0.009807773172795757
0.017345795847210112
0.030148043017114434
0.0515717640546498
0.08693872933672857
0.14459504048117927
0.23750169179013617
0.3856081802743787
0.6193889538319287
0.9851526108818242
1.5532426287786882
2.431651849778814
3.7922799603529507
5.93671227399739
9.551588089060862
1.0546633313159667e-08
6.866238130433312e-08
2.8014791592507246e-07
9.089927672975243e-07
2.5558210419120903e-06
6.498693707400478e-06
1.531991208406891e-05
3.4023779895267246e-05
7.197856727334818e-05
0.00014621506144801751
0.0002869199340733901
0.0005464264697957605
0.0010137006051227095
0.0018373548659257801
0.0032617470785987366
0.005682944230668296
0.009734554219352109
0.016418075032354977
0.02729906435610205
0.04479995778261982
0.07263414004010217
0.11644650227746163
0.1847594577631817
0.2903885825624092
0.4526492240843357
0.7011369514153092
1.0834309171758731
1.6852193328076974
2.7023644845108916
4.874923027763007
