############################################################
#Minimax frequency grids extracted from the CP2K code
#Published in J. Chem. Theory Comput. 2021, 17, 3, 1662–1677
#Grids with 32 points for different energy Eranges (Erange)
#Structure:
#Line 1     |
#.          |
#.          |   Frequency grid points
#.          |
#Line 32    |-----------------------------
#Line 33    |
#.          |
#.          |   Frequency grid points weights
#.          |
#Line 64    |
############################################################

Erange 0 4862.0

0.13254275519610229
0.4075002434334006
0.7129653611128071
1.072311142230351
1.5137054634325515
2.072585907106472
2.7948198255241965
3.7408887157784005
4.991538722697482
6.655495576177275
8.880073834050316
11.865844968082882
15.88700871736706
21.319800434807853
28.682257688821725
38.69010148421391
52.335569763753064
70.99909077535013
96.60819689305963
131.86486082729905
180.57288090293983
248.11368921054333
342.14755601137466
473.67067120472257
658.6709548634489
920.892639935345
1296.9341360028814
1847.0377800992435
2682.1510880264454
4047.085323969744
6660.040272218769
14108.029689918747
0.2667161148094765
0.2866077185534088
0.32818422173681944
0.3951613742572797
0.4934816587166093
0.6318550781930461
0.8226002283812441
1.0828685966380414
1.4363782680324575
1.915847231861476
2.566403777298568
3.4503727336112044
4.654008952170379
6.29699863203509
8.545911800328465
11.633320983339523
15.885087444621595
21.759494015934315
29.903701501622987
41.235837219460294
57.06571237167945
79.27552554087899
110.59838219031958
155.06890815199284
218.81060764214297
311.5722127601456
450.16760079454133
667.4313363099551
1039.6543728256195
1789.9748349736915
3833.9681364720745
14655.44632366239

Erange 4862.0 5846.0

0.1343248849882633
0.4132592119099152
0.7240043390799359
1.091026925935713
1.54395256157537
2.120249021729213
2.8686740645792272
3.8538693799190424
5.162601596809094
6.912333890906867
9.263083009950755
12.433910552841194
16.725965711187758
22.554817278001472
30.49600178512726
41.3494455589017
56.23095197989688
76.70267881628598
104.96008395875586
144.10119183719314
198.5169327875596
274.4618860978532
380.899499080189
530.7797694607106
743.0392454072074
1045.9229630462034
1483.0537807692358
2126.1516611014854
3106.7411184121765
4713.500361879859
7790.3641571104345
16548.445240300603
0.2703480614473483
0.2910756261579897
0.3344559767841716
0.40448278489060463
0.5075565457043502
0.6530872691721998
0.8544340076849473
1.130277093651096
1.506570063148876
2.019293595727479
2.718337239493882
3.6729796521022116
4.9796461563368934
6.772925073652045
9.241267903229764
12.649452794111886
17.370863762271927
23.934101209739133
33.090676974430735
45.914061903125
63.94611611042478
89.41703574194196
125.58445451312652
177.27970461634078
251.853187763381
360.99548168525195
524.7699272889096
782.0601891451947
1222.611932252175
2108.162233431274
4512.831122628449
17222.120678400817

Erange 5846.0 6665.0 

0.13557338601660668
0.41730065260389615
0.7317746815552322
1.104251698157746
1.5654155709323194
2.1542162086848187
2.9215329135167067
3.9350769825526832
5.286080227577014
7.0985194219082555
9.541929524180782
12.849299970750083
17.34218791649807
23.466110116962277
31.840626080497724
43.33050125803531
59.147245510736425
80.99462553628598
111.2781774935937
153.40846663158962
212.24282951584453
294.7341924733544
410.8955699804921
575.2616255690891
809.1768735737788
1144.5847770269388
1630.9076924124556
2349.3603614162894
3448.4571118322583
5252.914668389623
8709.488526056672
18538.811858380694
0.27289359484351916
0.294220982001665
0.3388980759862916
0.411123396942743
0.5176359133047135
0.668364809184891
0.8774440884042964
1.1646980641075588
1.557761149115098
2.0950797638638385
2.8301605859021666
3.837593566983341
5.221615251219452
7.128324609566002
9.763174149466698
13.41611573645175
18.497910846798998
25.59282079046985
35.53550575895753
49.524062051914576
69.28781614975094
97.34010675862754
137.36838088542098
194.86122705934486
278.18695350675137
400.6526832866276
585.0253370519614
875.1939500761971
1371.947991018934
2368.536327804507
5068.399861166353
19319.551508880766

Erange 6665.0 7800.0 

0.1370499857872464
0.422087838650514
0.7410040914005517
1.1200141103213002
1.5910937845067552
2.195011651443817
2.985262954814932
4.033361919610758
5.436098124858981
7.325593527943965
9.883341376758114
13.359912878263156
18.102752475144438
24.595554809189636
33.51428674450282
45.80722857230063
62.80982762248363
86.41024933404324
119.28915593140628
165.26885298524112
229.82488386010735
320.8416671697241
449.7412806501914
633.1998473772219
895.83705332351
1274.6569305047908
1827.0549682010767
2647.329246149724
3907.374072374449
5981.275709049701
9956.014230886252
21245.91059831021
0.27590538134484827
0.2979573565068322
0.3442035946496803
0.41909606429356827
0.5297935391581631
0.6868712744253185
0.9054313778178337
1.2067332819592969
1.6205293980185511
2.1883874721831376
2.9684149635372044
4.041990934394181
5.523387463777131
7.573569384258536
10.420063818936963
14.385689720800096
19.930287584151156
27.711636209408702
38.67488869797654
54.18479605908046
76.22300391975581
107.6864815178738
152.8489241029493
218.10116939555124
313.21671931714536
453.742571335189
666.1923552433152
1001.3603174380673
1575.1576866889702
2723.745097867967
5826.475195617796
22177.608473258828

Erange 7800.0 10044.0 

0.1393751435556022
0.4296428076126454
0.7556269118458908
1.1451112107395522
1.6321993263496475
2.260676043411754
3.088405025081973
4.193293537779408
5.681535826776683
7.69912759768035
10.448065969109644
14.209271435146666
19.375182226620723
26.496316789495793
36.34808912459801
50.02711707757524
69.09067912961464
95.75961436726789
133.21501966925618
186.03449395457477
260.83759278866273
367.24818341626917
519.3442915671452
737.8771467239039
1053.7584086797096
1513.801330668974
2190.9702417788335
3205.2140171776487
4774.210825118251
7368.122740715144
12344.973991941335
26456.259009955764
0.28065064408654583
0.3038780328549319
0.3526759573849975
0.4319215261801991
0.5494801124103226
0.7170195083647463
0.9512879181334657
1.2759995304848823
1.7245524024350398
2.3439221516534534
3.2002414143320297
4.386814440304756
6.0356680674184835
8.334263247492462
11.549773796002393
16.064517095499955
22.427907607712154
31.43303552982579
44.23019793781067
62.496359675110796
88.69028623168306
126.44134851448199
181.15338754218374
260.9731813081323
378.4325232446994
553.5022272702486
820.1059662618102
1242.61943354538
1966.3786822155184
3410.3262356194664
7292.46886903304
27693.855354838164

Erange 10044.0 14058.0 

0.14237486453944107
0.4394200534952092
0.7746555330683098
1.177996095520943
1.6864652619295697
2.3480282638346726
3.2266616421606034
4.409302651924302
6.015552554226239
8.21136864768518
11.228525969594424
15.392442739194209
21.162171526463748
29.18815796828059
40.3960633542662
56.109002958965746
78.22669193938121
109.4893460132257
153.8685432400606
217.14949285761446
307.80403247089794
438.30940204930323
627.1596980492438
901.9765906170177
1304.4290970945126
1898.3283702431997
2783.931515564688
4126.483644157721
6224.503686674229
9716.401957272288
16429.986790645627
35423.70971974651
0.28677747480312377
0.3115840468325672
0.36382211720758184
0.44896687419484355
0.5758826693409299
0.7577922978063393
1.013805148375157
1.371186351736884
1.8686546654955012
2.56115176168904
3.5267457265125604
4.876653159913234
6.769843587920379
9.434411669061411
13.198996941760914
18.53920060615783
26.14651426672167
37.03124772871653
52.677154132184704
75.27530196334217
108.08071153726374
155.96210569315744
226.2630374093172
330.18690270710874
485.1305151943868
718.9484199953382
1078.8257499526349
1653.3065930339428
2639.3168711629464
4598.936377351543
9833.306219117254
37228.01191754706

Erange 14058.0 19114.0

0.14502370796551703
0.4480829010539378
0.7916157981286331
1.2075243508496802
1.7355837902840658
2.4277406075189805
3.353852391880919
4.609630408244423
6.327831185413123
8.694192211759745
11.970290957285025
16.5265343114819
22.890028099278148
31.81440016230547
44.38216963745914
62.15561490757339
87.40030591467784
123.41813625304623
175.04637990163923
249.4101615146111
357.06464925805403
513.7420529668599
743.0485870384754
1080.6808579217216
1581.14809900435
2328.8609813458747
3457.607083546514
5188.8198870627575
7921.499237107771
12501.58289355634
21329.60428145102
46259.92356298488
0.29219234212764755
0.31845370690034347
0.373872890610569
0.4645031477238152
0.600179586011295
0.7956470306437238
1.0723453581784659
1.4610762243702629
2.0059080326461616
2.76987145000088
3.8432790806788373
5.355919395975122
7.495003555741856
10.531701795474737
14.860576373030604
21.05848895536974
29.97309227512008
42.856552877705376
61.56891170854085
88.88951722712217
128.99783246328127
188.2232678787817
276.231225060434
407.9416932740777
606.7569403074244
910.3888055268573
1382.7234338831393
2142.64856112768
3450.91828637881
6043.794023233803
12927.644737686549
48805.08862191054

Erange 19114.0 25870.0 

0.14754727473790832
0.4563621690490255
0.8079150128057052
1.2360970460871308
1.783465172289044
2.506029552409794
3.479706891724579
4.809331033064525
6.641460873789643
9.182776952331544
12.726704342125874
17.692182381254717
24.680446495334998
34.55864851933651
48.58367650175289
68.58652178045523
97.24837691414776
138.51657135506775
198.2350828975321
285.1066307856165
412.17114696470446
599.09566525532
875.7537331156108
1287.8873903467286
1906.2215953314396
2841.576751154979
4271.337323387628
6490.79405022356
10031.563416886413
16011.899712868733
27575.24726251585
60178.67874227437
0.2973552991659925
0.3250566186141874
0.38363560044751194
0.4797430677530813
0.6242227281583522
0.8334115127308077
1.131206159458274
1.552168109039008
2.146103694832248
2.984800054553381
4.171951997411542
5.857847187535488
8.26118966072219
11.701694869826639
16.64903553098479
23.796760202379794
34.17459871027205
49.32017560264589
71.54333486665355
104.33600828116667
153.01300195482676
225.72365375346706
335.069793993653
500.74431450896293
753.9795215702264
1145.5159990918794
1761.5202623948937
2761.370072156297
4489.970449108518
7909.344598672393
16932.78473977757
63749.23270457554

Erange 25870.0 35180.0 

0.15002348519433922
0.46451130342750646
0.824045021042684
1.2645625089537342
1.8315097984767872
2.5851574108560396
3.6078322639753786
5.014105379427872
6.965398429552594
9.69114538724383
13.519686414362274
18.92366324500486
26.587123387509088
37.50529299176741
53.13378944809952
75.61310381203099
108.10840448253303
155.3272050619175
224.31329381924482
325.67298187252476
475.48339517776736
698.2866475093558
1031.8319129009446
1534.6726862536486
2298.5349133548734
3468.9808108623843
5281.614870909423
8131.595592028999
12730.978340941307
20567.038495110464
35778.24682408639
78609.82719130651
0.3024254049895312
0.3315918385852816
0.3933970226398002
0.49512550705651104
0.6486960402797961
0.872153928090401
1.1920524512393371
1.6470520511792885
2.2932691781075087
3.212208165551602
4.522554416231983
6.3977829741741665
9.092580992760151
12.982711954934162
18.625509909639966
26.85224510411176
38.910067639696216
56.68163261798167
83.02738125985056
122.3231205179819
181.31153080692263
270.46417120445864
406.1868615016362
614.4531917978084
936.963281227043
1442.136769945214
2246.721112418363
3565.852508027438
5859.209649832797
10391.307380953114
22278.529118569048
83643.6346001724

Erange 35180.0 58986.0 

0.15399032986872938
0.4776194738561411
0.8501753043803365
1.31107946792835
1.9107571034709487
2.7169110257810085
3.823183728851228
5.361535227120927
7.52023882937859
10.570320241106216
14.904710488340205
21.09662727004116
29.987193874300804
42.81777942605248
61.43118108216903
88.57949619935079
128.39852284791314
187.14404553452533
274.34323674515576
404.60959924450174
600.5280841395823
897.2831647081848
1350.157326096996
2046.8215895330711
3127.779028909418
4821.115088237592
7503.844806420884
11818.550736004621
18929.880007178966
31248.80735377127
55365.10950684564
123170.41015076623
0.310556146577657
0.3421802780606353
0.4094223614818588
0.5206878687071103
0.6898099116933477
0.9379031112155564
1.2963422286973751
1.8113088637921357
2.5506317768186104
3.6140696050359202
5.148822519751217
7.37304808270909
10.611713921777906
15.351596184949763
22.32620193123881
32.64780730303991
48.01425448983265
71.03533163849936
105.75208085448396
158.47022734372413
239.1101888774951
363.4164108225496
556.6165909250806
859.5761486038269
1339.388089086674
2108.33111127726
3360.4896315872797
5453.393419146713
9137.412009720016
16424.470778988587
35351.12874442453
132131.62635064372

Erange 58986.0 85052.0 

0.15665201491118563
0.48645255086696204
0.8679140908633145
1.3429441991327895
1.9655663020388237
2.8089215705883355
3.9750326498505615
5.608890975167092
7.919132231547877
11.208702795546053
15.920717165510954
22.707526807683728
32.53546396340545
46.84477048297584
67.79548225092432
98.64818052206019
144.35799385904798
212.50854417045272
314.7924737632916
469.3788283542409
704.7334196247324
1065.8446744796906
1624.4783236718592
2496.2720234668195
3869.6487189479203
6055.704970336431
9577.158206331736
15337.311175310337
24985.53443387876
41924.21370939059
75335.12561757576
169240.0831820107
0.31601774300631147
0.34936919542211453
0.42045090124222617
0.5384991728556235
0.718776108006642
0.9847086381286597
1.3713420192235894
1.9306481293657263
2.7395796341433103
3.912291447920088
5.6187616588370295
8.113318173320359
11.778610539345083
17.193842137070394
25.24140130107934
37.2747560295197
55.384907761264955
82.82679809483118
124.70772472447071
189.1091967049713
288.93348305516747
444.97622020020765
691.102363652001
1083.0962406902304
1714.1073266384424
2742.5244927502104
4445.571757485345
7336.150374476061
12481.117979830125
22687.396569080272
49029.27213151443
182714.99577064996

Erange 85052.0 126612.0

0.15940855323823325
0.4956331404107984
0.8864643437510178
1.3765162067718617
2.023770980185183
2.9074148057363085
4.1388784725835
5.877927890230674
8.356513563090692
11.914499292816961
17.053639088844527
24.519740335146867
35.428643273777766
51.46079251611351
75.16399270031552
110.42815348333873
163.2357643618038
242.85834932021987
363.7810629576585
548.8279687880828
834.2882284949019
1278.4147835625017
1975.6780750770085
3080.979098507853
4851.394465485563
7719.529300718981
12426.190192755064
20273.565432739022
33665.94446711274
57559.451254663276
105152.47765026288
238976.3949138361
0.32167917419720454
0.35688752020406733
0.432113620138954
0.557526309412786
0.750001170356205
1.0355963446410574
1.4535706405145328
2.0626057961394766
2.9503327570367945
4.247930889038919
6.152607117843223
8.96241660484181
13.130563431815835
19.350693737814375
28.691905293869226
42.814199349842106
64.3152735879299
97.29381534174325
148.2732887039295
227.73244606015456
352.66878271895433
550.9427692926408
868.7360090031099
1383.5494745755586
2227.296811182226
3628.5346977825025
5993.829605644713
10082.06745111222
17463.261532301312
32186.387908159864
69962.03966745277
259964.04274551442

Erange 126612.0 247709.0 

0.16373958436697705
0.5101264978608379
0.9159896069529507
1.430480778525928
2.1183125355919272
3.069088155985158
4.410666493484344
6.328951180857867
9.097685942967209
13.123807198212786
19.017093457142934
27.69800527238066
40.56599533589728
59.76432998550568
88.60026000403526
132.21751623180904
198.68257999925436
300.7563968967366
458.81385584717975
705.7073030471846
1094.9631974180384
1714.7688190287618
2712.160181788416
4335.464784701027
7009.996439266402
11475.67124355327
19043.69699662228
32095.955514205307
55144.14939722096
97554.96015781426
183803.08980484723
427090.13572662364
0.33058526273756267
0.36885467782088144
0.450950093626708
0.5886660848688742
0.8017140595780422
1.12082540025602
1.592831379794522
2.2886261360881694
3.31553715895999
4.836588787162195
7.100671060940492
10.490115312417089
15.596294033961502
23.34074274734257
35.17091805226463
53.37952681146768
81.6305668168434
125.83495501612735
195.62426652036729
306.86047742079927
485.9640372839356
777.4791364469528
1257.4930839302167
2057.832096842602
3410.5310726374632
5731.642662527518
9785.587565752354
17033.465557765263
30505.194880449075
57794.75930208428
127350.9867284555
471374.61882211326

Erange 247709.0 452410.0 

0.16729345587752817
0.5220837915443625
0.9405741148525995
1.475915186417087
2.1988425579314264
3.2084229320437876
4.647658877867247
6.726900296718572
9.759556549152265
14.217184101692544
20.815259881214573
30.6479058416218
45.40134046704283
67.69506474900591
101.63225933231537
153.69629208332117
234.2259466666511
359.8693374590021
557.713000374505
872.3154950503812
1377.8469922115526
2199.339147354942
3550.4526300007215
5801.72143903217
9606.137468107807
16135.098020267218
27533.125876830458
47827.00298089529
84872.60988452473
155240.74372944486
301769.0915913182
717663.1356247213
0.3379034645137452
0.37881946738547795
0.46689089916190624
0.615406140323357
0.8467064090676832
1.1959082144868687
1.7170430113398156
2.4927824943410823
3.6497349710027573
5.382588868417295
7.992470539282596
11.948356757923296
17.986233607448835
27.27066375498558
41.66060391661398
64.15126447641241
99.61667730605177
156.07223690236458
246.84813859319397
394.3808745412634
636.9222168901913
1040.5940426531995
1721.4116028413248
2886.2600258571556
4910.7228383421725
8490.620025490385
14947.387548118924
26881.538126356885
49765.1843652489
97101.2613405646
217655.43736295513
804161.4023302288

Erange 452410.0 1104308.0 

0.17199827765823103
0.5380059294727404
0.9736341997615289
1.5377352694938258
2.3097736290470463
3.402751176442763
4.982320081056548
7.295965784769458
10.718311338355647
15.822271186795035
23.491931948889743
35.10335805529794
52.81700264781087
80.05534788452564
122.29130031272524
188.3639662992407
292.70049836028585
459.11521059936763
727.3932946321102
1164.8655376002584
1887.0757702166622
3095.3089278858897
5145.990609712843
8681.612837930576
14883.222751239353
25969.45893893789
46211.24410112112
84069.60121476448
156951.2764731812
303071.86527144857
621318.3413283181
1540176.9421143653
0.3476062896043872
0.39221916200807294
0.4886942701051685
0.6525426235716102
0.9100580818924567
1.3030331602543401
1.8966193817904524
2.7919595402699877
4.146395650315994
6.205957727039082
9.35800145395578
14.217249893697428
21.767802513575838
33.599962887862425
52.309603978141894
82.17963968964122
130.3576745067898
208.91882658105692
338.53188644986636
555.0775251553036
921.7987850368266
1552.0204912904064
2652.486928566717
4607.857141150226
8149.500672123086
14702.176180519695
27120.413678845984
51329.09608829233
100319.89810256775
206207.35016280194
478990.19443877833
1773158.149536881

Erange 1104308.0 2582180.0 

0.17588045499160682
0.5512257021498627
1.0013703118630188
1.5902434264445422
2.405215799012508
3.572121574953908
5.277810308974558
7.8050898047384285
11.587777615192842
17.298487998001825
25.990127895451295
39.32634673857857
59.96085024576093
92.16864779688744
142.9088285424604
223.63608103002358
353.42944347083966
564.4730793406918
911.8045474251959
1490.9411871748462
2470.3259539694427
4152.227298440316
7089.513439000162
12314.898215191599
21802.90624200313
39428.49288596958
73023.82463664327
138969.14164413267
272986.4175263669
557893.4292914037
1213363.1419136985
3160013.276178309
0.35562539358245254
0.4034598630828778
0.507310698035364
0.6847544241793833
0.965797905499124
1.3985904597574628
2.0590328917447116
3.0664136286150927
4.608786136806865
6.9844140449501895
10.67005177539468
16.434554413045298
25.529954614876807
40.0165712983268
63.323071537954775
101.22419148541576
163.5720951785129
267.4096498030514
442.6620147937182
742.7299414402248
1264.594124324258
2187.7911393276054
3851.763119153975
6913.383865787345
12677.15458167547
23810.25092763602
45950.63865686885
91498.37485707413
189213.13598878586
412506.46573426365
1004859.506854019
3757500.169762731

Erange 2582180.0 10786426.0 

0.18118431919794764
0.569409896731795
1.0399575954447753
1.6642774050832718
2.5416705589038666
3.817686030211855
5.712321227186271
8.564613330770575
12.904350409701964
19.568888331266418
29.895695056866206
46.04343093576417
71.5338357343432
112.17788900752778
177.6801488903931
284.45814060206254
460.674367791145
755.3691485577447
1255.340718976754
2116.97044167198
3627.5472563405187
6326.311406095248
11249.843141984617
20444.63279555149
38074.51328278192
72907.33134133912
144152.9579642091
295906.8845605476
635237.5946890834
1441541.5594042293
3533032.483017847
10300282.297035703
0.3666004567229466
0.41909533951682115
0.5337007693305699
0.7311922617920863
1.047397173851464
1.5405811924145458
2.3040410310537687
3.4869635940224217
5.328980129783192
8.21786366292428
12.786862454319088
20.0807884362153
31.842977578575024
51.017784629932365
82.64330507271109
135.4622543365706
224.87803543778475
378.47920097589025
646.570836391214
1122.6914600829598
1984.5495359592944
3577.888523900694
6593.427321251175
12452.706002367568
24181.569964546125
48474.222324463255
100819.77620242331
219012.9151368635
501508.5608275271
1228961.4319415095
3359678.97519788
13198823.17240385

Erange 10786426.0 72565710.0

0.1860758083606257
0.5863105731285033
1.0762838189916888
1.735025194760996
2.6741091733730666
4.059774820324427
6.147499799667448
9.337719533159323
14.267190355767958
21.960866171726565
34.08763874663045
53.39659047772489
84.47130014903539
135.05292206821736
218.3968931937055
357.54107328410043
593.1761358820205
998.4464642388938
1707.390489925032
2970.9030847374506
5269.79573455244
9550.044752723195
17728.825622420598
33825.049900245765
66597.83794457617
136026.81652248927
290225.5203619125
652973.7303844218
1570277.6349969232
4120560.3068352453
12225526.961836666
44976022.1592941
0.37674253105568495
0.43381021502950023
0.5590636422872557
0.7766587789599726
1.1286591474829935
1.68435592509438
2.5563667570796293
3.9277652235068583
6.097912064812507
9.560625610789286
15.139088266420053
24.221728239197674
39.180550580116204
64.12452706067008
106.27918892115885
178.55890322928792
304.458022589578
527.5532342378145
930.4049107379313
1673.1477374753613
3074.6018027427394
5788.391058089275
11199.697804802257
22357.499058820344
46274.36537417859
99934.30172443499
227100.46858913172
549456.1902431552
1439654.5954696422
4195690.360297783
14287820.480068853
67797329.79665162

Erange 72565710.0 100000000000000000000.0

0.18894944364096963
0.5962994473518639
1.0979679811546372
1.7777457879798018
2.755038431602313
4.2094890725295695
6.419910672165012
9.827743718777555
15.14232519057394
23.518028627832294
36.85642384608609
58.3288648866487
93.29351960290545
150.92965910813132
247.19917473345893
410.3110727485798
691.0051346282855
1182.327758062675
2058.578907101761
3654.0712480702805
6627.183883848432
12313.689493852524
23517.234882837332
46357.167452919886
94815.65398959102
202633.14120244567
456833.45962230937
1101461.096498392
2900225.249530281
8637618.748843128
31160984.654377617
163046130.3896004
0.3827101036463066
0.4425913279562002
0.5744425048624656
0.804618202373891
1.179281838121873
1.7750696801469283
2.717660210867893
4.213395860766345
6.603340508278996
10.45667355729473
16.73411042964203
27.07791316760568
44.334509463025526
73.51209156253726
123.56723754128413
210.80455542346078
365.486536699493
644.9928757856525
1160.7129102321292
2134.627971456765
4022.319779194768
7790.4608937563735
15569.825611679273
32269.164071811185
69800.37245131386
158930.03677550773
385455.2889064046
1013100.9672579938
2964362.2649549907
10115616.277159294
44251495.17814687
324622278.5292175
