############################################################
#Minimax frequency grids extracted from the CP2K code
#Published in J. Chem. Theory Comput. 2021, 17, 3, 1662–1677
#Grids with 34 points for different energy Eranges (Erange)
#Structure:
#Line 1     |
#.          |
#.          |   Frequency grid points
#.          |
#Line 34    |-----------------------------
#Line 35    |
#.          |
#.          |   Frequency grid points weights
#.          |
#Line 68    |
############################################################

Erange 0 9649.0

0.13207515772844727
0.405991108403864
0.7100791180957539
1.0674316993343833
1.5058443663983385
2.0602382660689633
2.7757484556313985
3.711806532052663
4.947645044945255
6.589801356244469
8.782420666111134
11.721478364771365
15.674500523350034
21.008017787373205
28.22593014264274
38.02331749903241
51.362195208386105
69.57856923496088
94.53432041984598
128.83359338669658
176.13249956696887
241.58470670964914
332.48668514742263
459.220222708152
636.6470551378719
886.216031469228
1239.261662676278
1742.4871050895674
2467.9964867366607
3534.353825869125
5159.135288744986
7820.30687542924
12915.999073999303
27423.79759942945
0.26576346823795405
0.2854396551016808
0.32655197737161484
0.39274601046287516
0.48984881388427076
0.6263944482633245
0.8144408041785135
1.070757575293203
1.4185065739762008
1.889596892023973
2.527980829463319
3.3942720864211324
4.572231822130947
6.17790432405361
8.372526211327902
11.380831596076106
15.517105781570788
21.222416096494825
29.118047224727174
40.08257127813093
55.363655573112425
76.74148031407067
106.77011264742791
149.13984256372788
209.23574802895516
295.0380382861162
418.6824781799572
599.4725232857328
870.5618605429147
1296.282804430787
2025.283801158086
3491.3059333297665
7474.317631875756
28531.55532533201

Erange 9649.0 15161.0 

0.13599210879419024
0.41865733842571035
0.734387462880487
1.1087078459161832
1.5726641901039529
2.165714712843095
2.9394684766946595
3.962695691901657
5.328172864333448
7.162136411063943
9.637432516710518
12.991909466518228
17.55426383461847
23.78051806766095
32.30571538388694
44.01747962910964
60.161119876385705
82.49044121504559
113.48508380736385
156.6651752262542
217.04910217389076
301.823097180824
421.326779743335
590.5151234901978
831.1508175496598
1175.1475564541768
1669.8147612822702
2386.5033267913464
3436.11940867051
5000.901252994878
7412.324148921864
11389.23639096364
19014.75702535834
40656.29906587002
0.2737475207928825
0.2952786790800227
0.34039675533342323
0.4133708800225637
0.5210568682574819
0.6735634934463747
0.885293451950756
1.1764687033967232
1.575309481781747
2.1211239192365996
2.8686862980856427
3.8944530711305823
5.305413278430533
7.2517322156689525
9.944880861346203
13.683733937475726
18.89229644939318
26.1744814467069
36.39402095230821
50.791640045991635
71.15786208341221
100.0896105547862
141.37465650014659
200.57507440601208
285.9310387743719
409.81030920422364
591.1755952564811
860.2110797442753
1268.287932013144
1913.3787096119436
3017.958277485201
5225.5076295652025
11175.8295539236
42493.69287150706

Erange 15161.0 29986.0

0.14157456993085618
0.43680814305293825
0.7695603918544728
1.1691652838645754
1.6718472598074612
2.3244228725405374
3.189182451328711
4.350562914610808
5.924439306359134
8.071200190010469
11.014281956686672
15.066594360092068
20.668390911055305
28.44180291698298
39.26974002093017
54.41058484826287
75.66572466277076
105.6254757771726
148.03193881969935
208.3172512208018
294.4065207981018
417.9228078083311
596.0074159115596
854.090540688523
1230.1481604663468
1781.3282413698837
2594.479625814838
3803.497041610086
5619.84470555754
8392.880364891958
12752.616596160462
20039.19394160478
34069.0659733131
73716.52254207557
0.28514234691822854
0.30952051330129193
0.36082397822605955
0.444362626815503
0.5687241475224296
0.7466995085435535
0.9967403173431321
1.3451190863662297
1.8290618703769976
2.50126712171007
3.4364289749111423
4.740680380007788
6.565312747281522
9.12679076184029
12.73608082512356
17.84183040178123
25.094256075252144
35.44016472753401
50.26505189600494
71.60683168542646
102.47931445154013
147.3651890657808
212.9734421023194
309.41511024819323
452.05559786284186
664.5034127165376
983.6387878300005
1468.7306525598128
2220.152861116728
3425.255864392015
5497.180237430633
9607.611108068526
20546.39934902344
77652.80170951472

Erange 29986.0 49196.0 

0.14537972365704172
0.44924937732846576
0.7939069438582139
1.2115293253508186
1.742274641402974
2.438646450121879
3.3713296629150684
4.637276320033501
6.371112976811227
8.761403563453904
12.07400661126176
16.685826322050936
23.133850907384492
32.18677637709266
44.95016073622998
63.02161541345043
88.72107581753308
125.43437293871429
178.12881222660047
254.13153300040636
364.31201181146474
524.8905530158796
760.2239712046822
1107.130506542137
1621.6666690030702
2389.8720059435745
3545.100289215905
5296.792046393856
7980.859332173258
12157.208254096504
18833.87560950116
30128.29725464392
51981.56843007888
113581.24285918285
0.29292046810329686
0.31938180850986814
0.3752391615051481
0.4666272739869208
0.6035184960523118
0.8008736626361799
1.0804648717121432
1.4736003482843745
2.025118651024602
2.7992210995810174
3.8880019577883864
5.423967095382597
7.598483671540265
10.689098259656856
15.100189404799776
21.423785021626927
30.53105704736921
43.71077401338752
62.88009577250318
90.90758923336087
132.11161052090677
193.0349397957077
283.65875554453504
419.32384092692257
623.8101438332048
934.3678665192813
1410.2058150916341
2147.682363184511
3310.5494277589387
5201.420046514296
8473.557800314775
14944.543756287507
32001.381350595566
120417.37064242488

Erange 49196.0 109833.0 

0.15111478683237578
0.46811081455805653
0.8311975658154092
1.277245657117571
1.8530267811044683
2.6207793743639676
3.6658104514987024
5.107246498350614
7.113506495693816
9.924804821974032
13.886131394604528
19.49590677142994
27.47820253689281
38.89058150232696
55.28609346493793
78.95811810682723
113.31277487728954
163.43910700431258
236.9880966222402
345.5375832850856
506.7277789266936
747.6291874168176
1110.0992865921862
1659.3801603581437
2498.036749955731
3788.815996745633
5792.691112251481
8933.562233913393
13912.5117339868
21925.010151757728
35138.25619155491
58037.885439910475
102878.64576803103
228949.87062864064
0.30466116249925723
0.33448999997528
0.39775748201433164
0.5020431600763641
0.6597680435379347
0.8897794356898496
1.2198845885842693
1.6906902612632702
2.361327809416546
3.317974468669039
4.686572913471436
6.651901833209751
9.486316315170766
13.593305414380533
19.57390295671377
28.32858472187177
41.21465830698257
60.291072612452794
88.70200998589976
131.28259205540442
195.52312215176198
293.11741299959453
442.472251954802
672.8167062941227
1031.0121854686051
1593.012339907218
2483.590841950321
3911.6669142200035
6238.5231601672385
10129.751559788456
16981.74160635827
30536.056841551963
65732.37502124789
245660.71368655932

Erange 109833.0 276208.0 

0.15704353232796245
0.4877544479660704
0.8705376156017336
1.3476766920864
1.9737426791979278
2.8227090946785225
3.997888328321955
5.646288443196994
7.979713585250564
11.306104853980733
16.076474036543857
22.955699193585055
32.930053373920856
47.47165037958756
68.79170082433475
100.23337165106483
146.88580759062535
216.55141603131435
321.2823482312382
479.84253008685556
721.6893163095895
1093.4758256486132
1669.780298225661
2571.0074565627824
3993.6144689187036
6261.819958404189
9917.405887043775
15878.648337580931
25729.53619615957
42273.37458242063
70711.43133488682
121772.29407575646
223895.20974520067
511167.1805753637
0.3168215245682693
0.35043246766637764
0.42209228667081694
0.5411651568675625
0.7231338255849368
0.9917838145432007
1.3827323888424163
1.948858523758149
2.7685520945936393
3.958248763359216
5.69155685455881
8.22860474914602
11.961351425605036
17.48401674923339
25.70334691811683
38.01255695679674
56.567920087611036
84.73230593273999
127.79279074297057
194.13262416830213
297.16429850617567
458.5516775688101
713.6415082198464
1120.7309215735056
1777.0914240859645
2847.100049696002
4612.5746467497465
7565.363105491919
12586.173245720442
21325.994478121225
37197.937321555175
68943.1032010462
150241.71258102785
557720.3208697784

Erange 276208.0 852991.0 

0.16336922513552726
0.5088837963863347
0.9134464251208241
1.4258068793865757
2.110076760757019
3.0549223319570658
4.386714080773768
6.288970678299134
9.031595056512524
13.015314763001339
18.83983365553746
27.40919724979278
40.09598751880866
58.99925287825027
87.35305062053737
130.1791624944713
195.3394286468929
295.2486883643026
449.6914179453214
690.5032975197853
1069.4420394766496
1671.582707097392
2638.4152977365293
4208.234704650762
6787.845837025887
11081.975915584215
18331.11464078846
30757.7543831196
52425.18373362508
90952.31947001838
161183.38574164535
294404.0420740371
571514.7455391894
1357785.7335867172
0.3298231494705116
0.3678238583365475
0.44931443538568944
0.5859423647480262
0.7971613283485441
1.1132755348536536
1.5804195782403758
2.26835630112171
3.2825754864813064
4.7831079906178315
7.01394730221803
10.349374600517876
15.367451600728
22.967563824366035
34.56004919104946
52.374936525753725
79.96951316778983
123.07138037510275
190.99409829094074
299.04206165572833
472.6466080518463
754.5744583501951
1217.6699793620016
1987.724673849413
3285.207068806235
5502.805705516988
9352.508394580818
16151.576514128332
28398.10726253618
51001.74394184054
94285.04834791286
183730.02847568074
411506.64532360405
1520426.766419325

Erange 852991.0 100000000000000.0

0.1835103101234003
0.5774305061474206
1.057140472868453
1.697614005082806
2.6038279115366483
3.930849397069668
5.914914021102437
8.92301131893533
13.533362340789761
20.667776233995074
31.812016357593226
49.387219863328404
77.3839092638016
122.4588606715459
195.86011110608575
316.8577691536953
518.9611571628808
861.3906597021048
1450.6667756885272
2482.126411324662
4321.685991308644
7671.18540800507
13912.797854700362
25850.79390530169
49371.03198418239
97320.21724486594
199052.03066138524
425399.7542270562
959057.1525395216
2312357.9736451125
6088604.151380904
18133512.159556706
65418675.293680795
342296590.6151682
0.37142071027541074
0.4260563273244676
0.5456348676942346
0.752484593582803
1.0852868522175914
1.6073303748410037
2.4206700397850627
3.6897704463837764
5.681035810947625
8.82947962399161
13.852405454162984
21.945623429966453
35.126642589694754
56.843590502572916
93.0724205769061
154.32725344417676
259.4111633804356
442.5533297274132
767.2854489636625
1354.0674261637732
2436.7445344093326
4481.335149019925
8444.272788875625
16354.953153653125
32686.61977168015
67744.54837929386
146536.159793689
333651.2446730961
809207.8445405798
2126855.0754410354
6223266.011027118
21236461.045184538
92901077.9747871
681507114.6255051
