Published in J. Chem. Theory Comput. 2021, 17, 3, 1662-1677
Grids with 26 points for different energy ranges (Erange)
Structure:
Line 1     |
.          |
.          |   Time grid points
.          |
line 32    |-------------------------------
line 33    |
.          |
.          |   Weights
.          |
line 64    |
####################################################################

Erange 0.0 9649.0   

3.284029233271286e-05
0.0001753443602861097
0.0004416382833363001
0.0008508530310865113
0.001435500605855746
0.0022474948219129297
0.003366173371324329
0.004907942966760921
0.007037748206337417
0.009983831117905245
0.014057973412231587
0.019683414844193538
0.02743271515183254
0.03807838736551588
0.052660091008446035
0.07257342975355677
0.09968697353631621
0.13649612296545818
0.18632500099011615
0.2535908886542759
0.3441500984275648
0.46575004766668
0.6286204407593304
0.8462483877785438
1.1364010501626234
1.5224916494827863
2.035445381255887
2.716346186249304
3.620421040738206
4.823581438788581
6.434509907627798
8.620766164346367
11.679090118639257
16.31432816585662
8.4538052355896e-05
0.00020209318539166847
0.00033361605486797254
0.0004901319572083779
0.0006876803644732437
0.0009493703556928221
0.0013072005549165328
0.0018035890085942577
0.0024937295684409103
0.0034499397324379713
0.00476826036404788
0.0065772141488150675
0.009049030640506878
0.012414126010019873
0.016979951815415794
0.02315561592334051
0.031484041042937
0.04268391545844468
0.05770434764295233
0.07779602216248598
0.10460388481675117
0.14028819232415718
0.18768361957484037
0.2505110517811862
0.33366599536844854
0.4436264870131247
0.5890644515470643
0.7818386670916874
1.0387776399865274
1.3852730956246349
1.8635541689521873
2.5552790973254864
3.661647560244881
5.979097365202448

Erange 9649.0 15161.0 

2.2094687262226044e-05
0.00011816317101145329
0.00029854362986100777
0.0005779739014899124
0.0009819112670486493
0.0015516034173501654
0.0023507187818878183
0.0034732685500535195
0.00505334279364789
0.007278229326144087
0.010406819589614869
0.014795161155330522
0.020931286923915934
0.029482154546951286
0.04135653654321724
0.05778898092867048
0.08045158704880996
0.11160243319073283
0.15428220578421106
0.2125741178044686
0.2919468573365305
0.3997065271731107
0.545592087818525
0.7425611332686428
1.0078318394632224
1.3642789958888877
1.8423416665523202
2.48272174251732
3.34042303033154
4.49133411535853
6.044309582675748
8.167153038233048
11.156471603344267
15.714736908294974
5.689777248462453e-05
0.0001364647878286462
0.0002266959149215116
0.0003363227347021138
0.0004783149170860289
0.0006715498663212837
0.0009421913049362618
0.0013250426248297155
0.0018660179676916586
0.00262648268480602
0.003689465255982615
0.005167783411766887
0.007214591621086576
0.010037222243044243
0.013915457617770334
0.01922566776214666
0.02647264919678102
0.03633153858613665
0.049702887216291285
0.06778493328431712
0.09216841458681874
0.12496114099205212
0.1689524368948172
0.22783243637559455
0.3064902609254688
0.411433435566918
0.5514107558972641
0.7384129467740507
0.9894523508058952
1.3301301240547123
1.8028378573543902
2.489168614889156
3.5894672490279578
5.895310588871672

Erange 15161.0 29986.0

1.2132019239369146e-05
6.506554392462203e-05
0.00016528151320033429
0.00032271987439700723
0.0005549904907647636
0.0008912186380916402
0.0013769333304078336
0.00207998381188429
0.0030983248733590404
0.004571097441508312
0.006694456763746173
0.009743704668641925
0.0141037713916676
0.02031087384545962
0.029109193553804015
0.04152772200656733
0.05898411878582171
0.08342465247911345
0.11751221427114543
0.1648782324800013
0.23045938623741916
0.3209467823295079
0.44538447707509593
0.6159672665711226
0.8491072823533072
1.1668710896432313
1.5989474740844776
2.1854242653839444
2.9809152725739025
4.061217864274067
5.535407811609172
7.571672639611632
10.466564989305379
14.91952959384994
3.126217597574477e-05
7.540587737410632e-05
0.00012663926218204873
0.00019110769108438634
0.00027820581560489743
0.000401742249839652
0.0005808693019056328
0.0008413761481210849
0.0012182358494751703
0.001759637722089599
0.00253246317609668
0.003629502407336348
0.00517906799440672
0.0073579025027302025
0.01040852585005309
0.014662503493069159
0.020571571811010672
0.028749161300949972
0.04002565337439286
0.05552176300115481
0.07674587007131725
0.10572312939601615
0.14516718239506418
0.19871016099008434
0.2712154487579484
0.3692151806287191
0.5015525805409441
0.6803982020135383
0.9230308920142081
1.2553734442165063
1.7200955901449364
2.3987730554757754
3.4906629653715
5.780815874478559

Erange 29986.0 49196.0

7.845531705064765e-06
4.217579566703759e-05
0.0001076255406955941
0.0002116704074840506
0.0003678026352786526
0.000598637239972256
0.000939800791185946
0.0014447771966513766
0.002191627535252642
0.0032927972200630018
0.004909216880554122
0.007270144108734435
0.010700753084513917
0.015660261119126325
0.02279439226673758
0.033007300151380946
0.04755981744820865
0.06820320985515761
0.09736066855556012
0.13837281589809153
0.19582885861759528
0.2760121868265214
0.3874989458973457
0.5419617440352286
0.7552508475941064
1.048857678610048
1.4519234318259462
2.004071631268318
2.759600998924181
3.7942044073242056
5.217087596451319
7.196718451225344
10.029695823161129
14.413626849760721
2.022742080929783e-05
4.902127023830298e-05
8.308838409631613e-05
0.00012719755797047105
0.00018877141608928316
0.00027875729779708194
0.00041237481957666014
0.0006104274314639044
0.0009017824485847016
0.0013270526990110587
0.0019435429478184875
0.0028318806888766317
0.004105011117474572
0.0059204430431561185
0.008496895591229079
0.012136858469163465
0.017257067102487582
0.02442954195917895
0.03443669419909579
0.04834513188831433
0.06760433082481605
0.09417845588835595
0.13072271761835513
0.18082056576074482
0.2493066841224739
0.3427177893721846
0.46995019394607707
0.6432897947695325
0.8801980582788952
1.2068306280775711
1.6660767737909483
2.3395502248176463
3.4258517245052684
5.7058363778559205

Erange 49196.0 109833.0

3.865603619912879e-06
2.087430645188353e-05
5.3738065099243575e-05
0.00010718454630525007
0.0001900012319697737
0.00031718955789873134
0.0005126537329759226
0.0008128168395638415
0.0012719920833382853
0.001970384125983329
0.0030256963224515113
0.00460969356562721
0.006971643847773047
0.010471317877795917
0.01562522911317097
0.023171141484273704
0.034157679556524934
0.05006830174859498
0.0729921440414609
0.1058585802344639
0.1527581466742932
0.2193802673426605
0.31360877991591823
0.4463309353744743
0.6325368438825444
0.8928196332263253
1.2554443726415525
1.759267106284206
2.458035348630705
3.427215114290294
4.77616847618911
6.673804689443379
9.416907604833742
13.70063546514659
9.976454765718753e-06
2.4397956666150202e-05
4.2091633541468636e-05
6.622948123983615e-05
0.00010186030376456873
0.00015644233845744574
0.0002404690130604266
0.0003687782406776715
0.0005627493820533361
0.0008533803933831028
0.0012854870718438482
0.0019235107198793406
0.002859592750775737
0.004224781787747757
0.0062045295634641385
0.009060029072853486
0.0131574822853581
0.019008095244250185
0.02732254096178089
0.03908488812876366
0.055652686745107795
0.07889222315477536
0.11136127365662019
0.15655676737113142
0.21925337945032786
0.30597553969409247
0.42568066454670456
0.5908146138910935
0.8191119697759165
1.137096600179962
1.5880319126786595
2.2536634913094686
3.331728541732483
5.597118014202835

Erange 109833.0 276208.0

1.7147362511403065e-06
9.319802731855972e-06
2.4302616807482706e-05
4.948261860530359e-05
9.026404229610094e-05
0.0001560250715046401
0.00026193159643869907
0.0004316317370034808
0.0007014310228413562
0.0011265811323026616
0.001790538099368303
0.002818442710487939
0.004396613985562227
0.006800572618267542
0.01043510374307695
0.015891226467704685
0.02402679235817231
0.03607995947798214
0.05382821091103021
0.07981021388476216
0.11763406509273454
0.17240391938168603
0.25130849721857534
0.36443086121519086
0.525861591666699
0.7552321345423689
1.0798433566303969
1.5376756421659512
2.1818096583688225
3.087384050821325
4.363863206811109
6.180624421988004
8.83477361053772
13.019312520088521
4.43185996007463e-06
1.0980758773489005e-05
1.943725634861249e-05
3.1800270744211854e-05
5.129667367655266e-05
8.27095880626353e-05
0.0001329766243411858
0.00021237174266944332
0.0003362840713927107
0.0005277050042553842
0.0008207467241987074
0.001265656823748127
0.001935949524221289
0.002938498181312597
0.004427745609890722
0.00662561356009038
0.009849268137973679
0.01454967083492188
0.021364880820575197
0.031193465982641635
0.04529525929852885
0.06542926430703719
0.09404211859223464
0.13452588222462222
0.19157264817324873
0.27166955823017896
0.3838116245690371
0.5405893273969905
0.7600124959108089
1.0690028998164918
1.5112619233396074
2.168763561959426
3.238506003394989
5.489633460260332

Erange 276208.0 852991.0

6.35749973501056e-07
3.492169089246581e-06
9.302356973224121e-06
1.9592566972831844e-05
3.7377729183938204e-05
6.798117415794394e-05
0.00012023568563760358
0.0002084236297872551
0.00035534106272681936
0.0005969900768905776
0.0009896587375544644
0.001620507511517086
0.0026232770839453665
0.004201426984363522
0.006661986770200809
0.010464757550535931
0.01629338409394917
0.025157418466823473
0.038538075135755495
0.05859528378548497
0.088460352930584
0.13264771717146925
0.19763178422753508
0.2926522443111407
0.4308357751366649
0.6307586891808089
0.9186346830441839
1.3314221217344053
1.9213813610912545
2.76319200354934
3.9663504041897766
5.700732751780247
8.263919165830904
12.346999008174697
1.646994148539095e-06
4.168704436960474e-06
7.695536879782202e-06
1.3374173961844378e-05
2.3064311988245763e-05
3.958321376425686e-05
6.725628425988863e-05
0.00011284251346096221
0.0001868773135187132
0.0003056293856662244
0.0004939782736171523
0.0007896314087630558
0.0012492643080895956
0.001957402304692391
0.0030391875844591482
0.004678623430285177
0.007144500300310407
0.010827043576140467
0.016289458703073287
0.024340088611569204
0.03613298947254673
0.05330759009262987
0.07818208570144934
0.11402099109647866
0.16540631928634394
0.23875782212611196
0.3430802599354601
0.49109150628018977
0.7010818269759505
1.0004112023843146
1.4333015739126787
2.0820719815510036
3.1430997613534135
5.379828456565977

Erange 852991.0 10000000000000000000000.0

1.117489994479298e-09
1.0437767934573854e-08
5.084528505414382e-08
1.872213850467172e-07
5.813350591395648e-07
1.6041946888512065e-06
4.054564459005386e-06
9.568204612679587e-06
2.1360561665920905e-05
4.553900601252074e-05
9.336828090817695e-05
0.00018510270750313838
0.0003563527131882449
0.0006684922084643366
0.0012254246986170441
0.002200236453707954
0.0038770557829877106
0.006716063190006149
0.011453417554768287
0.019253386304452922
0.0319378960087355
0.052330033425615166
0.0847641054822857
0.13583764990140365
0.21551319196591645
0.3387243798072503
0.527711765290698
0.8154303015314811
1.2505960123470905
1.9054661547111273
2.8889237961629872
4.37232400643935
6.65560984092506
10.426038695834771
3.3457340053937633e-09
1.873386519501546e-08
7.20396391424945e-08
2.259124367219339e-07
6.20700398368113e-07
1.5516519034576341e-06
3.6098773524770243e-06
7.932321947059267e-06
1.6633942623129364e-05
3.353876533808818e-05
6.539287755778778e-05
0.00012384295496778607
0.00022861478182158466
0.0004125495803926801
0.0007294839100515848
0.0012664381661580966
0.002162272032202245
0.003635959152010226
0.006029053426126615
0.009868936147464018
0.015962272528537477
0.025532104472748035
0.040417626126145245
0.06336363493503006
0.09843823938908386
0.1516353587304579
0.23175010955983177
0.35168177852781385
0.5304884039781542
0.7970145382697631
1.197557199061726
1.8163260289376923
2.848850144582029
5.042342061181277
