Published in J. Chem. Theory Comput. 2021, 17, 3, 1662-1677
Grids with 8 points for different energy ranges (Erange)
Structure:
Line 1     |
.          |
.          |   Frequency grid points
.          |
line 8     |-------------------------------
line 9     |
.          |
.          |   Weights
.          |
line 16    |
####################################################################

Erange 0.0 10.0000

 0.2071657943
 0.6610068185
 1.2441397724
 2.0831497522
 3.3887988553
 5.5847789422
 9.8270353946
21.7281350381
 1.6829817561
 2.0059905762
 2.7407066346
 4.1050402410
 6.5987137824
11.6165824094
24.8150218088
92.8374617628

Erange 10.0000 15.8489

 0.2281975509
 0.7378108396
 1.4244318649
 2.4707104240
 4.1905418464
 7.2131597201
13.1990042083
29.9997176794
  1.8599530758
  2.2968980034
  3.3135541624
  5.2559877454
  8.8891966228
 16.2293092701
 35.1546864159
130.5228668216

Erange 15.8489 25.1189

 0.2478325384
 0.8123920588
 1.6105407106
 2.8990088123
 5.1406825221
 9.2811129613
17.7585094674
41.7034890992
  2.0268816770
  2.5953521026
  3.9541677572
  6.6468551615
 11.8697865229
 22.6444849853
 50.1607418935
185.3662237900

Erange 25.1189 39.8107

 0.2659623770
 0.8840006194
 1.8001085399
 3.3647028374
 6.2468323093
11.8655812207
23.8618997130
58.2201559306
  2.1826051343
  2.8969365101
  4.6547564120
  8.2836499445
 15.6488752314
 31.3988836891
 71.8035815622
265.3268104200

Erange 39.8107 63.0957

 0.2825286714
 0.9519740012
 1.9904683567
 3.8621957498
 7.5094353654
15.0358645326
31.9280725161
81.4355610562
  2.3263348568
  3.1969483083
  5.4039159733
 10.1591360407
 20.3111276624
 43.0835599994
102.7268225783
382.0571299489

Erange 63.0957 100.0000

  0.2975081621
  1.0157197989
  2.1786795733
  4.3835258184
  8.9196010680
 18.8421849707
 42.4191477984
113.8785066010
  2.4575559766
  3.4905086036
  6.1868369685
 12.2505252866
 25.8995764530
 58.2857763972
146.3252239075
552.5439430099

Erange 100.0000 158.4893

  0.3109044422
  1.0747189671
  2.3616257812
  4.9184789791
 10.4573448605
 23.3016349187
 55.7970544598
158.8526834842
  2.5759785890
  3.7727475226
  6.9858359192
 14.5181804358
 32.3968585530
 77.4965031785
206.6898871454
801.3623837044

Erange 158.4893 251.1886

  0.3227426886
  1.1285376083
  2.5361560368
  5.4549563099
 12.0906636709
 28.3830633636
 72.4478080141
220.5115689924
   2.6815110248
   4.0390256496
   7.7812210364
  16.9058863616
  39.7087250327
 100.9859648148
 288.2949361720
1163.5939144504

Erange 251.1886 398.1072

  0.3330653429
  1.1768381468
  2.6992426824
  5.9795753281
 13.7758193804
 33.9934529728
 92.5691845452
303.7688360097
   2.7742370967
   4.2851465838
   8.5524035364
  19.3430086985
  47.6536341676
 128.6605545855
 395.2752511397
1688.1073861938

Erange 398.1072 630.9573

  0.3419271677
  1.2193812021
  2.8481167646
  6.4783947849
 15.4589061277
 39.9686099759
116.0253061549
413.8290580287
   2.8543829626
   4.5075059930
   9.2790431833
  21.7482887853
  55.9614042068
 159.9244871806
 530.1692053572
2439.7513891405


Erange 630.9573 1000.0000

  0.3493873557
  1.2560051022
  2.9803168477
  6.9374999179
 17.0780527326
 46.0690845013
142.1776489457
554.9087117432
   2.9222522539
   4.7030936074
   9.9418316500
  24.0339752423
  64.2799619324
 193.5676803631
 692.0765816399
3495.6626462237

Erange 1000.0000 1584.8932

  0.3554939312
  1.2865572716
  3.0935328862
  7.3429185821
 18.5642203900
 51.9760118440
169.6889674060
727.2704120894
   2.9780856028
   4.8691920632
  10.5221897284
  26.1072270760
  72.1802456621
 227.6683260546
 874.2020626068
4922.1398607625

Erange 1584.8932 2511.8864

  0.3602495964
  1.3107201533
  3.1850020782
  7.6788144410
 19.8359971798
 57.2679524910
196.2327143675
920.7799560162
   3.0217444563
   5.0024392748
  10.9994660474
  27.8625606713
  79.1324347665
 259.4079260080
1060.4224209113
6698.7319069853

Erange 2511.8864 3981.0717

   0.3635299969
   1.3275808457
   3.2498551555
   7.9215394123
  20.7780605758
  61.3311078827
 217.8756023806
1101.7305989568
   3.0519515067
   5.0964010631
  11.3423291217
  29.1516475981
  84.3919081514
 284.5012327092
1219.3765125366
8525.3100524718

Erange 3981.0717 10000000000000000000000.0

   0.3648690337
   1.3345094218
   3.2767526307
   8.0233289348
  21.1789256485
  63.0974651146
 227.6366948945
1191.0753213079
   3.0643035403
   5.1352465299
  11.4856046077
  29.6973060154
  86.6575195195
 295.5993122773
1293.0627009745
9485.5947587699


