Published in J. Chem. Theory Comput. 2021, 17, 3, 1662-1677
Grids with 8 points for different energy ranges (Erange)
Structure:
Line 1     |
.          |
.          |   Time grid points
.          |
line 8     |-------------------------------
line 9     |
.          |
.          |   Weights
.          |
line 16    |
####################################################################

Erange 0.0 10.0000

 0.0410961677
 0.2215921004
 0.5688643520
 1.1299764766
 1.9937655343
 3.3208105202
 5.4098231211
 8.9485547791
 0.1060264691
 0.2585290567
 0.4435891050
 0.6929754149
 1.0604512559
 1.6406263618
 2.6364875094
 4.7875207638

Erange 10.0000 15.8489

 0.0294981977
 0.1602023889
 0.4171350374
 0.8475736875
 1.5433057317
 2.6707425150
 4.5354087346
 7.8277568864
 0.0762269210
 0.1885752622
 0.3328646094
 0.5428410724
 0.8754790293
 1.4275727338
 2.4016019104
 4.5261221056

Erange 15.8489 25.1189

 0.0209899113
 0.1150165283
 0.3048862124
 0.6373750483
 1.2053450775
 2.1776820981
 3.8637697754
 6.9570683332
 0.0543478976
 0.1368874674
 0.2503214962
 0.4296737848
 0.7335320894
 1.2599694377
 2.2127956985
 4.3145944146

Erange 25.1189 39.8107

 0.0148401762
 0.0822239432
 0.2229043947
 0.4824765203
 0.9529144401
 1.8027560234
 3.3434086590
 6.2719911449
 0.0385180029
 0.0992010434
 0.1894294562
 0.3445892444
 0.6234527401
 1.1253809532
 2.0573355093
 4.1393353027

Erange 39.8107 63.0957

 0.0104449886
 0.0586763377
 0.1635760280
 0.3689646813
 0.7643187927
 1.5159884551
 2.9363772533
 5.7267555407
 0.0271911499
 0.0719923583
 0.1447925468
 0.2804290097
 0.5370201382
 1.0156145492
 1.9274472597
 3.9922032180

Erange 63.0957 100.0000

 0.0073303679
 0.0418998419
 0.1209028303
 0.2859242910
 0.6229028126
 1.2950331297
 2.6150915219
 5.2886811820
 0.0191536972
 0.0524874990
 0.1121483173
 0.2317178191
 0.4683927372
 0.9251988681
 1.8180761389
 3.8678537709

Erange 100.0000 158.4893

 0.0051372225
 0.0300161640
 0.0903142204
 0.2250889082
 0.5162665984
 1.1235047008
 2.3595117299
 4.9341336214
 0.0134857752
 0.0385736952
 0.0882435850
 0.1944219012
 0.4134424375
 0.8503209725
 1.7256834115
 3.7624829337

Erange 158.4893 251.1886

 0.0036002613
 0.0216336337
 0.0684129319
 0.1803598683
 0.4353504991
 0.9894641326
 2.1550074529
 4.6457957380
 0.0095074576
 0.0286789793
 0.0706649087
 0.1656344893
 0.3692115544
 0.7881982435
 1.6476414680
 3.6732307680

Erange 251.1886 398.1072

 0.0025268045
 0.0157375491
 0.0527163930
 0.1473061940
 0.3735693722
 0.8841524703
 1.9907155422
 4.4106669852
 0.0067246311
 0.0216513436
 0.0576569758
 0.1432645576
 0.3335125532
 0.7366874142
 1.5818713728
 3.5978167045

Erange 398.1072 630.9573

 0.0017790505
 0.0115988461
 0.0414413896
 0.1227558108
 0.3261731917
 0.8011585238
 1.8585679204
 4.2189781344
 0.0047836527
 0.0166593084
 0.0479683727
 0.1258102636
 0.3047080911
 0.6941204359
 1.5267225054
 3.5344255520

Erange 630.9573 1000.0000

 0.0012593172
 0.0086977894
 0.0333179986
 0.1044408163
 0.2897047768
 0.7357044190
 1.7524150854
 4.0631467031
 0.0034335494
 0.0131079750
 0.0407111652
 0.1121712160
 0.2815295945
 0.6591400198
 1.4808101311
 3.4815299149

Erange 1000.0000 1584.8932

 0.0008992926
 0.0066689908
 0.0274568200
 0.0907619245
 0.2616803521
 0.6842860055
 1.6676681182
 3.9374424568
 0.0024984514
 0.0105791706
 0.0352648241
 0.1015481471
 0.2630137361
 0.6306824085
 1.4430323891
 3.4379149107

Erange 1584.8932 2511.8864

 0.0006511970
 0.0052555004
 0.0232331300
 0.0805769027
 0.2402766535
 0.6442562263
 1.6007710076
 3.8373360452
 0.0018548778
 0.0087795311
 0.0311892270
 0.0933425139
 0.2484004110
 0.6078709938
 1.4124537209
 3.4025456698

Erange 2511.8864 3981.0717

 0.0004817072
 0.0042773567
 0.0202081663
 0.0730638184
 0.2241387198
 0.6135835799
 1.5489149535
 3.7591686639
 0.0014161889
 0.0075045226
 0.0281686456
 0.0870986616
 0.2370801484
 0.5899701185
 1.3882618018
 3.3745190976

Erange 3981.0717 10000000000000000000000.0

 0.0003685569
 0.0036146241
 0.0180909699
 0.0676712998
 0.2123458390
 0.5908753258
 1.5101662571
 3.7004185615
 0.0011240610
 0.0066196399
 0.0259918630
 0.0825033143
 0.2286284882
 0.5764664498
 1.3698931702
 3.3532110676

