3.286858834563238241e-01
1.156174574369449370e+00
2.628663832721959359e+00
5.749610589508030500e+00
1.302550658784568149e+01
3.143470759721982333e+01
8.278502515624562363e+01
2.465695562000704228e+02
8.895606770533006511e+02
4.654884152285740129e+03
6.837027154906800686e-01
1.044742642957330325e+00
2.053811734291375757e+00
4.565503879098527840e+00
1.101541453029294537e+01
2.892409416744664696e+01
8.462333614627435452e+01
2.887692208144900974e+02
1.263320425420846959e+03
9.268190429277996373e+03
