1.949173252564310732e-01
6.171856928589756208e-01
1.143816653598555444e+00
1.869248458993231887e+00
2.930718700211988548e+00
4.538937957251549804e+00
7.027777478647439402e+00
1.093721776086733399e+01
1.715439370156106236e+01
2.715718405668837221e+01
4.344136259721128113e+01
7.028180332800582164e+01
1.151118410875343017e+02
1.910680253073382175e+02
3.217794317550893197e+02
5.505774955148398249e+02
9.586337156832536266e+02
1.701648658015829824e+03
3.086300036423385791e+03
5.734887834745819418e+03
1.095366578921799373e+04
2.159378852413982895e+04
4.416965450370644976e+04
9.441020668056569411e+04
2.129042600161128503e+05
5.134773019029389834e+05
1.352477643219392281e+06
4.029665200012724847e+06
1.454116828289911896e+07
7.608564113092017174e+07
3.951252944933039690e-01
4.611501111808005704e-01
6.075262734206463566e-01
8.657186206406443096e-01
1.291544217219180668e+00
1.979212819223075126e+00
3.086211896484213568e+00
4.876645440826265165e+00
7.797235378314423926e+00
1.261225099100544078e+01
2.064680130692977755e+01
3.423292609422976085e+01
5.754149769282356885e+01
9.816531181537776263e+01
1.701977882835843729e+02
3.003605737371924533e+02
5.405299843771250607e+02
9.941081329405045608e+02
1.873365342293164986e+03
3.628697639433120912e+03
7.253000695775967870e+03
1.503309422229347729e+04
3.252024221611184475e+04
7.406896870844447403e+04
1.797029058228541398e+05
4.724294515945695457e+05
1.382922416517911712e+06
4.720761130208432674e+06
2.065165635865674913e+07
1.514770349608295858e+08
