2.804718569036176445e-01
9.433714206164998117e-01
1.965633505656420033e+00
3.794518612019595505e+00
7.324385831314284445e+00
1.447889268630770054e+01
2.963528228126863695e+01
6.334511846938852386e+01
1.428149819776116942e+02
3.443391678199125749e+02
9.066866516053217993e+02
2.700483637338310928e+03
9.742670108120069926e+03
5.098204957508131338e+04
5.771003769011540108e-01
7.895221026353860250e-01
1.325680829278098161e+00
2.472481485463816853e+00
4.886968353454313352e+00
1.009801723400459217e+01
2.182616362335105720e+01
4.968758179541334385e+01
1.205016906450553336e+02
3.167183575657137453e+02
9.267706812676643722e+02
3.162750053708040014e+03
1.383583640977486539e+04
1.015057536797072098e+05
