2.367256068173500538e-01
7.697330154379583567e-01
1.501978911752212875e+00
2.641581224972745723e+00
4.538753605273025293e+00
7.819675428789499172e+00
1.364651576634774166e+01
2.424111510125925406e+01
4.397432126643905548e+01
8.171108907327112547e+01
1.560575002604693111e+02
3.076287033460550902e+02
6.292343799253186489e+02
1.344831852579168526e+03
3.031974156629589288e+03
7.310217207859606788e+03
1.924894637794002483e+04
5.733911632193918922e+04
2.069212018158955325e+05
1.082809917127034627e+06
4.830476869055946865e-01
6.054922250034378006e-01
8.925349715485320079e-01
1.442950142157718441e+00
2.451719246412836561e+00
4.295734323214400519e+00
7.711549957861491222e+00
1.417045925117651173e+01
2.669442100271870189e+01
5.169751736804273179e+01
1.033217002280550361e+02
2.141524338508510539e+02
4.632604091769546812e+02
1.054848108072589184e+03
2.558236185915832266e+03
6.723674459396946077e+03
1.967670852084684884e+04
6.716660234406909149e+04
2.939046208014195436e+05
2.155825764790761285e+06
