3.016493845913902905e-01
1.033744925245126511e+00
2.233611939032343230e+00
4.540829685141347660e+00
9.358470846208104987e+00
2.003578734795037519e+01
4.518887513278425416e+01
1.089652697322639767e+02
2.869201272729401353e+02
8.545679838175805116e+02
3.083139147838748613e+03
1.613296098880823592e+04
6.235128911510634531e-01
8.939056920520849214e-01
1.605649464540045868e+00
3.225602805805295237e+00
6.921237730931794729e+00
1.573002923497091210e+01
3.813685830072638794e+01
1.002289977521952551e+02
2.932710669201501901e+02
1.000868683468579661e+03
4.378427266047390731e+03
3.212449400072163189e+04
