2.014751334779828762e-01
6.403832157233741995e-01
1.195626963011684252e+00
1.974710132539257978e+00
3.137332688675563031e+00
4.934351892608214385e+00
7.772615340619323021e+00
1.232615610913269322e+01
1.973068091351270681e+01
3.192968879965362206e+01
5.230134861878595842e+01
8.681516424768562956e+01
1.462090522341816552e+02
2.501750344207947307e+02
4.356013616377244375e+02
7.732399684574253342e+02
1.402425045255310806e+03
2.605861411102103375e+03
4.976993036046623274e+03
9.811142420937503630e+03
2.006816777540874318e+04
4.289172776969195547e+04
9.670923072881114786e+04
2.332059277587363031e+05
6.141463777937154518e+05
1.829241040562129812e+06
6.601175886905645020e+06
3.454701065684978664e+07
4.088057363850839954e-01
4.821062611917562579e-01
6.458980517787659137e-01
9.382625890515887690e-01
1.427757346976457065e+00
2.232318231254133423e+00
3.553458071589778555e+00
5.737425380018111198e+00
9.385641970680365986e+00
1.555720109277272911e+01
2.614690762820892900e+01
4.460504343857862608e+01
7.733677142711019314e+01
1.364858955522034307e+02
2.456265363396207704e+02
4.517355659245050674e+02
8.512313593879613336e+02
1.648724988194522211e+03
3.295311836899174978e+03
6.830024542659086364e+03
1.477493324970072354e+04
3.364497335372793168e+04
8.161117797655590402e+04
2.145338250018692052e+05
6.278018286681083264e+05
2.142482793876009993e+06
9.377306505372444168e+06
6.878287648435041308e+07
