2.632431940395681402e-01
8.730491468073036110e-01
1.770138380616564477e+00
3.287253049300536745e+00
6.044426994713694157e+00
1.127676461566708532e+01
2.156174186549907290e+01
4.251557760912677253e+01
8.696489781016906306e+01
1.858578359589023421e+02
4.190135512614104982e+02
1.010271015274983029e+03
2.660113472574312254e+03
7.922568500021397085e+03
2.858156879892593133e+04
1.495514901080895506e+05
5.397832477655207795e-01
7.124077215186876977e-01
1.134804618566480183e+00
1.997778702591348488e+00
3.711462635477756233e+00
7.157539095440635712e+00
1.428726142395683318e+01
2.960111309761157372e+01
6.402368837946697511e+01
1.457734624900005258e+02
3.535432762711676560e+02
9.292236002113390896e+02
2.718946593076372210e+03
9.278310959998792896e+03
4.058854747033506283e+04
2.977572933232200448e+05
