1.835111229042438452e-01
5.774329712285614091e-01
1.057144622333791473e+00
1.697619799070280155e+00
2.603835149505419277e+00
3.930857481635153583e+00
5.914921392851369752e+00
8.923014255957669505e+00
1.353335319700546791e+01
2.066774262352778990e+01
3.181194200313709075e+01
4.938708116422778716e+01
7.738365706391444121e+01
1.224583968662046516e+02
1.958592849919764092e+02
3.168563786181028945e+02
5.189590953942906708e+02
8.613886080477130918e+02
1.450667105593431188e+03
2.482134891090955534e+03
4.321719931951817671e+03
7.671292893572108369e+03
1.391308081916971423e+04
2.585145084532664259e+04
4.937249330871904385e+04
9.732365675227125757e+04
1.990610034717094095e+05
4.254241387999919825e+05
9.591213376181980129e+05
2.312530511312691495e+06
6.089137675286765210e+06
1.813515602536347508e+07
6.542473789292246103e+07
3.423328141357714534e+08
3.714223414016124547e-01
4.260580019719853451e-01
5.456365494616964851e-01
7.524861766801285157e-01
1.085288095885606596e+00
1.607330674856074060e+00
2.420667967845328672e+00
3.689762980039778206e+00
5.681018279364987045e+00
8.829447622245124805e+00
1.385235504180640120e+01
2.194554107881350902e+01
3.512648926421674389e+01
5.684331188404350854e+01
9.307196527080117221e+01
1.543265840099633124e+02
2.594106169325932569e+02
4.425541837745257681e+02
7.672898176953862048e+02
1.354081053371701955e+03
2.436786917963519045e+03
4.481448687856071047e+03
8.444525120676056758e+03
1.635548200429776807e+04
3.268780814142439340e+04
6.774767184820934199e+04
1.465450746190945501e+05
3.336755205954613630e+05
8.092687323137888452e+05
2.127038156831620727e+06
6.223872317728667520e+06
2.123839756608254462e+07
9.290976046785314381e+07
6.815851749145079851e+08
