2.169711826908418406e-01
6.962168098840108010e-01
1.324067141688667126e+00
2.245131173221922349e+00
3.685996542253358044e+00
6.022805251768610368e+00
9.901334951514680682e+00
1.645716328626035008e+01
2.772899766103586927e+01
4.745303637165982735e+01
8.262679328067227402e+01
1.466709296516514769e+02
2.660177023176175339e+02
4.942984119585686926e+02
9.440854108724008711e+02
1.861088876963202210e+03
3.806699159692821468e+03
8.135685732603182259e+03
1.834252660241995909e+04
4.422986474633625039e+04
1.164865311920129461e+05
3.469759621475043241e+05
1.251883524975870503e+06
6.552004151619108394e+06
4.412878048954958499e-01
5.339633843359974374e-01
7.451948398443015709e-01
1.133628329436167981e+00
1.808896225927152823e+00
2.968885378071688841e+00
4.970958048382916772e+00
8.468085894903676802e+00
1.467399563233983528e+01
2.589153565173031168e+01
4.659173301320100791e+01
8.568611996537822506e+01
1.614679784361344161e+02
3.127506521497645053e+02
6.250986086471500585e+02
1.295595363449378965e+03
2.802515657848745832e+03
6.381293795726751341e+03
1.547759054162135544e+04
4.068940322834780090e+04
1.190902926854255638e+05
4.063632912633480737e+05
1.778126567584162112e+06
1.304743273231123574e+07
