2.261677846609249642e-01
7.301131065098838135e-01
1.404865633637998545e+00
2.422121505112378337e+00
4.059886083705100290e+00
6.795654946614062553e+00
1.147887874168987921e+01
1.966086879657560615e+01
3.424334115717504545e+01
6.078928453313920954e+01
1.102530869897766053e+02
2.048589074112588548e+02
3.912517560498217222e+02
7.712567769381454355e+02
1.577568238951424746e+03
3.371657055247148492e+03
7.601834565879878937e+03
1.833078611410662052e+04
4.827659741525999561e+04
1.437981196881351061e+05
5.188012881821172195e+05
2.714865332085884642e+06
4.606799777768023074e-01
5.664967700239087467e-01
8.107773797320915188e-01
1.268603144150054263e+00
2.083804420251872180e+00
3.524158968799790514e+00
6.090770130619554301e+00
1.073659301936068289e+01
1.931365647436813759e+01
3.551454938286710927e+01
6.691904444524197970e+01
1.296089338552665140e+02
2.590371608056293553e+02
5.369066597368347402e+02
1.161458858222569688e+03
2.644651838024297376e+03
6.414668645630472383e+03
1.686355636284184948e+04
4.935415439387906372e+04
1.684107749048949918e+05
7.368387300906048622e+05
5.405606626458064653e+06
