1.889745630773204121e-01
5.963785852449802194e-01
1.098110764330054723e+00
1.777964732827287619e+00
2.755348113550086353e+00
4.209907919735035087e+00
6.420463237517158639e+00
9.828463327312729092e+00
1.514327611287602338e+01
2.351940706897860878e+01
3.685877635016240106e+01
5.833329509036136784e+01
9.330163310678909738e+01
1.509434335454154166e+02
2.472219802060921552e+02
4.103509746520886097e+02
6.910811208270716861e+02
1.182479776862953031e+03
2.058900897919987074e+03
3.654821032665811344e+03
6.628969679195260142e+03
1.231785852860692103e+04
2.352654736152338592e+04
4.637845198105414602e+04
9.487239013479794085e+04
2.027918059045005066e+05
4.572615747236579191e+05
1.102621678541221889e+06
2.903402295653810725e+06
8.647236857265034690e+06
3.119853553504570946e+07
1.632748708905968070e+08
3.827610083637744687e-01
4.426494579593708290e-01
5.745121028148213460e-01
8.047012190272713195e-01
1.179380932380689639e+00
1.775189962352023754e+00
2.717808636967803171e+00
4.213585373090064756e+00
6.603633196664520533e+00
1.045729396397040567e+01
1.673553610038948136e+01
2.708073159558587406e+01
4.433909968848349337e+01
7.351901498672494029e+01
1.235791121759982758e+02
2.108286333230778666e+02
3.655379591981396175e+02
6.451009009347218353e+02
1.160971242338119737e+03
2.135280493740565362e+03
4.023856624240901056e+03
7.793916559161213627e+03
1.557717072783374715e+04
3.228822380507194612e+04
6.985939642986001854e+04
1.590885885921794106e+05
3.858839295396026573e+05
1.014246949868039694e+06
2.967694264038878493e+06
1.012693372123844735e+07
4.431347552372463048e+07
3.250919788040050864e+08
