2.087740825364308439e-01
6.664986430156780717e-01
1.255034715175003646e+00
2.098202284944979290e+00
3.384581349855446675e+00
5.418129245556729146e+00
8.705015157590043628e+00
1.410723415718022977e+01
2.312024957306172723e+01
3.838480106675324777e+01
6.464970166021363696e+01
1.106228018764808780e+02
1.926158516471908229e+02
3.419143434354381270e+02
6.201234647279193268e+02
1.152218633477973299e+03
2.200515912743972422e+03
4.337603823051554173e+03
8.871836808029223903e+03
1.896043662182294793e+04
4.274715044619909895e+04
1.030753208488595701e+05
2.714590176897277124e+05
8.087178266323783901e+05
2.918819569148305338e+06
1.527730198409322090e+07
4.240775860803434050e-01
5.061100097520929708e-01
6.910964342646106484e-01
1.025863491811869199e+00
1.596174821221573836e+00
2.552849156483784299e+00
4.160204027383402448e+00
6.885423590184927001e+00
1.156563719059988848e+01
1.972604676296266035e+01
3.419846559858267199e+01
6.035258416399594239e+01
1.086124434081803969e+02
1.997495476515804000e+02
3.763837270378533617e+02
7.289519303314664285e+02
1.456832274171255449e+03
3.019381309875567240e+03
6.531225336923637769e+03
1.487141781258687661e+04
3.606981099211072433e+04
9.482190559042016685e+04
2.775238827184058609e+05
9.474103910947950790e+05
4.146150551546984818e+06
3.042244192922865599e+07
