2.488991251972033913e-01
8.164668533875628631e-01
1.620571235506124808e+00
2.920001328757425352e+00
5.170690745951080025e+00
9.228158990071197110e+00
1.676465984470772241e+01
3.116494326744574650e+01
5.952839918779022810e+01
1.173467540493915777e+02
2.400155066757116913e+02
5.129614034578054316e+02
1.156539057882193674e+03
2.788675848624240189e+03
7.343640500133923524e+03
2.187501254839446483e+04
7.892510254681664810e+04
4.129776382418383728e+05
5.089928516861803587e-01
6.529234402790667913e-01
9.967896017811818110e-01
1.674935163723864306e+00
2.962633072090533837e+00
5.417388131919773642e+00
1.018957864580086259e+01
1.972458842294807724e+01
3.941546486729514953e+01
8.168681829907960434e+01
1.766958968454657679e+02
4.023557381834484659e+02
9.759126765043760088e+02
2.565153111890544551e+03
7.507287753708112177e+03
2.562164377158946445e+04
1.120841355439049221e+05
8.222548082879103022e+05
