-19.569229
 -1.127073
 -0.594586
 -0.460426
 -0.383879
  0.049177
  0.114536
  0.342456
  0.373910
  0.386675
  0.471147
  0.502154
  0.511943
  0.550351
  0.613044
  0.728479
  0.817572
  0.979186
  1.017799
  1.222302
  1.271695
  1.323196
  1.327931
  1.421835
  1.501622
  1.722591
  1.900732
  2.020253
  2.115147
  2.207050
  2.220495
  2.324623
  2.338285
  2.376287
  2.417367
  2.474287
  2.502678
  2.643092
  2.659600
  2.822073
  2.929991
  3.080476
  3.125054
  3.216961
  3.383993
  3.578544
  3.734084
  3.862093
  3.930299
  3.955413
  4.177228
  4.219260
  4.398152
  4.461098
  4.544596
  4.633326
  5.058167
  5.115098
  5.745678
  5.855950
  6.007029
  6.074590
  6.433370
  6.516870
  6.777323
  6.973160
  7.040094
  7.097231
  7.170259
  7.244616
  7.279975
  7.325091
  7.745818
  7.762878
  7.824017
  7.857428
  7.895187
  7.999928
  8.037801
  8.065650
  8.132020
  8.335628
  8.511651
  8.591182
  8.600819
  8.889533
  9.010365
  9.097819
  9.582774
  9.689831
  9.893337
 10.065618
 10.172294
 10.353105
 10.403018
 10.876538
 11.000265
 11.158443
 11.246097
 11.259483
 11.432711
 11.734348
 11.856227
 11.963326
 11.971749
 12.046860
 13.143121
 13.318029
 13.789655
 14.138191
 14.176080
 14.307360
 15.947226
 16.313008
 43.219255
