Published in J. Chem. Theory Comput. 2021, 17, 3, 1662-1677
Grids with 12 points for different energy ranges (Erange)
Structure:
Line 1     |
.          |
.          |   Time grid points
.          |
line 12    |-------------------------------
line 13    |
.          |
.          |   Weights
.          |
line 24    |
####################################################################

Erange 0.0000 10.0000

 0.0276731293
 0.1472866131
 0.3687581752
 0.7039332404
 1.1723654412
 1.8045683155
 2.6469524305
 3.7693192226
 5.2773524399
 7.3381749736
10.2488461667
14.7099922874
 0.0711846766
 0.1690895322
 0.2757926388
 0.3977636094
 0.5441057435
 0.7279147631
 0.9682939485
 1.2936786640
 1.7493131133
 2.4187704026
 3.5024366141
 5.7855524080

Erange 10.0000 15.8489

 0.0197744403
 0.1055540607
 0.2657286900
 0.5115778444
 0.8622848926
 1.3486298025
 2.0182853816
 2.9432989908
 4.2321628138
 6.0546789845
 8.7089828257
12.8889838191
 0.0509006255
 0.1216171100
 0.2005723407
 0.2942623895
 0.4121942175
 0.5683208329
 0.7828128482
 1.0849323300
 1.5201863096
 2.1715313996
 3.2362170757
 5.4827819151

Erange 15.8489 25.1189

 0.0139914438
 0.0749462508
 0.1899352964
 0.3694953283
 0.6321343467
 1.0083502424
 1.5460638227
 2.3179957425
 3.4336834940
 5.0643777475
 7.5093175535
11.4582109486
 0.0360435732
 0.0867256318
 0.1449645046
 0.2171731804
 0.3130978055
 0.4472033444
 0.6401597909
 0.9215937590
 1.3374215538
 1.9708906690
 3.0177535019
 5.2339591533

Erange 25.1189 39.8107

 0.0098233039
 0.0528381746
 0.1349852452
 0.2659580878
 0.4633451027
 0.7567923091
 1.1933915052
 1.8450943819
 2.8211687374
 4.2936117871
 6.5630286139
10.3169372291
 0.0253298174
 0.0614579856
 0.1044042198
 0.1604027682
 0.2392238170
 0.3554023577
 0.5295956187
 0.7916439851
 1.1882714021
 1.8038125350
 2.8336933495
 5.0241742006

Erange 39.8107 63.0957

 0.0068554341
 0.0370564464
 0.0955849405
 0.1912568606
 0.3405607339
 0.5717808682
 0.9302915137
 1.4862655552
 2.3478924769
 3.6875108667
 5.8073060489
 9.3940946176
 0.0176966619
 0.0433653612
 0.0751114198
 0.1189110538
 0.1843254395
 0.2855556571
 0.4429546072
 0.6866338193
 1.0644429943
 1.6622940695
 2.6760843207
 4.8445700066

Erange 63.0957 100.0000

 0.0047621174
 0.0258922313
 0.0675671842
 0.1377372356
 0.2516682757
 0.4358989283
 0.7335111111
 1.2123305473
 1.9789993531
 3.2058934683
 5.1968506439
 8.6390361850
 0.0123090460
 0.0305206067
 0.0541046151
 0.0887139624
 0.1434876371
 0.2320235826
 0.3742832810
 0.6007236316
 0.9604392059
 1.5411563269
 2.5398045385
 4.6893655829

Erange 100.0000 158.4893

 0.0032965068
 0.0180490022
 0.0477641980
 0.0995665181
 0.1874300857
 0.3359256681
 0.5855771225
 1.0016134105
 1.6888502670
 2.8194249642
 4.6987721274
 8.0151195661
 0.0085339378
 0.0214595543
 0.0391102006
 0.0667625447
 0.1129751216
 0.1906296580
 0.3193090639
 0.5298124247
 0.8724391547
 1.4368081150
 2.4212834056
 4.5544745698

Erange 158.4893 251.1886

 0.0022762644
 0.0125677039
 0.0338269925
 0.0724068993
 0.1409732198
 0.2620656724
 0.4736158009
 0.8381994746
 1.4586379799
 2.5065758758
 4.2889044537
 7.4953768133
 0.0059035786
 0.0150972863
 0.0284353503
 0.0507789773
 0.0900226433
 0.1583351587
 0.2749467359
 0.4709220586
 0.7976398186
 1.3465944433
 2.3178650924
 4.4368325878

Erange 251.1886 398.1072

 0.0015692112
 0.0087519455
 0.0240448765
 0.0530894602
 0.1072765322
 0.2071777069
 0.3882400731
 0.7104394593
 1.2745126394
 2.2513920738
 3.9492406835
 7.0596133347
 0.0040787492
 0.0106444112
 0.0208412874
 0.0390928325
 0.0726187626
 0.1329358715
 0.2389268087
 0.4218108128
 0.7338882151
 1.2684530084
 2.2274784048
 4.3340445584

Erange 398.1072 630.9573

 0.0010808702
 0.0061030127
 0.0171885376
 0.0393301517
 0.0827196472
 0.1661050396
 0.3226299268
 0.6097857548
 1.1261984299
 2.0419146289
 3.6661682448
 6.6924544132
 0.0028168777
 0.0075342598
 0.0154330800
 0.0304965669
 0.0593131883
 0.1128213789
 0.2095432740
 0.3807404710
 0.6794745486
 1.2007255924
 2.1484537810
 4.2441834572

Erange 630.9573 1000.0000

 0.0007444375
 0.0042674833
 0.0123834195
 0.0294995195
 0.0647151559
 0.1351401380
 0.2718256132
 0.5299318244
 1.0060016190
 1.8690725994
 3.4292526441
 6.3820141516
 0.0019463550
 0.0053641267
 0.0115705684
 0.0241262403
 0.0490612250
 0.0968006464
 0.1854888062
 0.3463341687
 0.6330104563
 1.1420475986
 2.0794138297
 4.1656658317

Erange 1000.0000 1584.8932

 0.0005130705
 0.0029969040
 0.0090121194
 0.0224440417
 0.0514233406
 0.1116185588
 0.2322060971
 0.4661910446
 0.9081058970
 1.7259054260
 3.2303898959
 6.1189723302
 0.0013467807
 0.0038499840
 0.0087994505
 0.0193674948
 0.0411066473
 0.0839811159
 0.1657464888
 0.3174854170
 0.5933519921
 1.0912778783
 2.0192022809
 4.0971686784

Erange 1584.8932 2511.8864

 0.0003541405
 0.0021177005
 0.0066414300
 0.0173517266
 0.0415390587
 0.0936217813
 0.2011144128
 0.4150562059
 0.8280777004
 1.6070223727
 3.0632229700
 5.8959440901
 0.0009342370
 0.0027926556
 0.0067994457
 0.0157843491
 0.0348978173
 0.0736865554
 0.1495177964
 0.2932983996
 0.5595503883
 1.0474552726
 1.9668404301
 4.0375772596

Erange 2511.8864 3981.0717

 0.0002450328
 0.0015091465
 0.0049687254
 0.0136527233
 0.0341354342
 0.0797616748
 0.1765865877
 0.3738789013
 0.7625021866
 1.5081991527
 2.9226994333
 5.7069942693
 0.0006505188
 0.0020530149
 0.0053457983
 0.0130665496
 0.0300282048
 0.0653990603
 0.1361698664
 0.2730416562
 0.5308111938
 1.0097601352
 1.9214869313
 3.9859370380

Erange 3981.0717 6309.5734

 0.0001701376
 0.0010875693
 0.0037833625
 0.0109476101
 0.0285522959
 0.0690278231
 0.1571594905
 0.3406410667
 0.7087222805
 1.4260874074
 2.8047517783
 5.5472853843
 0.0004554191
 0.0015341915
 0.0042812667
 0.0109920399
 0.0261952113
 0.0587184401
 0.1251974104
 0.2561136781
 0.5064635464
 0.9774854852
 1.8824077828
 3.9414177238

Erange 6309.5734 10000.0000

 0.0001187248
 0.0007951840
 0.0029392994
 0.0089567848
 0.0243186289
 0.0606825937
 0.1417400945
 0.3138020680
 0.6646691425
 1.3580347536
 2.7061116698
 5.4128869315
 0.0003212717
 0.0011689985
 0.0034961439
 0.0094011682
 0.0231726278
 0.0533353063
 0.1161983613
 0.2420232525
 0.4859467156
 0.9500293558
 1.8489717513
 3.9033068726

Erange 10000.0000 15848.9319

 0.0000834432
 0.0005922059
 0.0023356082
 0.0074845398
 0.0210976147
 0.0541859891
 0.1295099966
 0.2921841803
 0.6287314551
 1.3019414676
 2.6241566957
 5.3006121791
 0.0002290980
 0.0009110177
 0.0029139485
 0.0081785934
 0.0207908695
 0.0490106127
 0.1088539140
 0.2303716185
 0.4687957030
 0.9268838333
 1.8206410245
 3.8709984304

Erange 15848.9319 25118.8643

 0.0000592658
 0.0004512821
 0.0019025862
 0.0063934448
 0.0186470165
 0.0491400281
 0.1198519988
 0.2748801818
 0.5996436460
 1.2561293960
 2.5567595977
 5.2078458291
 0.0001658923
 0.0007282576
 0.0024811714
 0.0072403151
 0.0189219666
 0.0455586869
 0.1029100002
 0.2208331616
 0.4546218887
 0.9076157149
 1.7969509606
 3.8439691363

Erange 25118.8643 39810.7171

 0.0000427539
 0.0003536020
 0.0015919883
 0.0055863488
 0.0167910186
 0.0452482974
 0.1122951892
 0.2611820892
 0.5763969601
 1.2192345007
 2.5021613308
 5.1323956397
 0.0001227292
 0.0005986865
 0.0021600744
 0.0065244896
 0.0174683766
 0.0428338303
 0.0981617995
 0.2131383094
 0.4430948941
 0.8918475783
 1.7774899045
 3.8217552341

Erange 39810.7171 10000000000000000000000.0

 0.0000315641
 0.0002862932
 0.0013705356
 0.0049946866
 0.0154023207
 0.0422909983
 0.1064827198
 0.2505426247
 0.5581971480
 1.1901646419
 2.4589329138
 5.0724605166
 0.0000934977
 0.0005072345
 0.0019240353
 0.0059857132
 0.0163562969
 0.0407230108
 0.0944467086
 0.2070682144
 0.4339405842
 0.8792599999
 1.7619047942
 3.8039587924

