# Published in J. Chem. Theory Comput. 2021, 17, 3, 1662-1677
#  Minimax grids with 16 points, for different energy ranges (Erange)
# Grid-points: 16.  N Eranges: 24	
	
# Column1: Frequency    column2: weight	# Column3: Time    column4: weight
	
Erange 0.0000 15.8489	
	
0.1273597888        1.0246648341	0.0124933560        0.0321225886
0.3908322550        1.0951767927	0.0663634793        0.0760016922
0.6813021432        1.2421481551	0.1655401211        0.1230393637
1.0192892087        1.4779641290	0.3142122162        0.1754101491
1.4293288265        1.8226396008	0.5190964445        0.2360231402
1.9421379345        2.3061191552	0.7903036143        0.3088188186
2.5975667202        2.9724368919	1.1425620525        0.3991595234
3.4489766302        3.8873619196	1.5968455073        0.5142450103
4.5703257678        5.1533641495	2.1824392199        0.6635919449
6.0688028134        6.9414710066	2.9396026076        0.8598082538
8.1099019529        9.5656944380	3.9233621214        1.1202030710
10.9733549246       13.6765873210	5.2097574852        1.4703548621
15.1958405946       20.8406034873	6.9076901986        1.9525233215
22.0058528799       35.6783196721	9.1850123785        2.6485569232
35.0759121714       77.0550215036	12.3393159715        3.7608140990
72.8094628472      298.5129777431	17.0792800750        6.0921817077
	
Erange 15.8489 25.1189	
	
0.1331595270        1.0718983936	0.0091597849        0.0235609197
0.4095035535        1.1527114540	0.0487412457        0.0559413134
0.7168494344        1.3218010112	0.1219811140        0.0911632628
1.0790306077        1.5947247337	0.2326929954        0.1312859572
1.5249292485        1.9966677595	0.3871221912        0.1791533047
2.0912126955        2.5653649507	0.5948850331        0.2387270434
2.8260564739        3.3562680023	0.8702777454        0.3154669497
3.7946140852        4.4518018728	1.2339548618        0.4166893847
5.0877245998        5.9791083585	1.7149841112        0.5519940219
6.8371519480        8.1474004653	2.3534803627        0.7340636247
9.2453943520       11.3351541897	3.2044326031        0.9803606386
12.6517414469       16.3180315731	4.3440541494        1.3167257513
17.7008876040       24.9551685378	5.8816849056        1.7856400770
25.8584347474       42.7307755880	7.9856357540        2.4686440242
41.4933732852       92.0679379493	10.9528456420        3.5657298035
86.4939708463      355.6068720959	15.4852730911        5.8667042716
	
Erange 25.1189 39.8107	
	
0.1445412618        1.1648263322	0.0073225601        0.0188412226
0.4465085214        1.2688432934	0.0390193033        0.0448605494
0.7885504964        1.4883228113	0.0979067845        0.0734930731
1.2022481209        1.8472371083	0.1875228760        0.1067040806
1.7269950258        2.3847198124	0.3137542184        0.1472715919
2.4143470278        3.1599987446	0.4858136923        0.1991328541
3.3340058770        4.2608010133	0.7175823470        0.2677423026
4.5825704962        5.8176830445	1.0292869364        0.3603915702
6.2971577833        8.0301154772	1.4495317958        0.4866411696
8.6784001076       11.2192639931	2.0179516118        0.6591954549
12.0337878072       15.9490681301	2.7891432547        0.8956803685
16.8713716496       23.3437073556	3.8391679753        1.2222440383
24.1373095020       36.0551279734	5.2775471129        1.6816930581
35.9456110555       61.8814314444	7.2729818548        2.3555756876
58.5447230568      132.7888756811	10.1223022282        3.4425924383
123.1954916997      509.6665804543	14.5237447268        5.7245565688
	
Erange 39.8107 63.0957	
	
0.1554388165        1.2541123976	0.0047039032        0.0121119422
0.4824251373        1.3843598662	0.0251434614        0.0290189533
0.8598245215        1.6616886559	0.0634624580        0.0481093109
1.3284223164        2.1216098273	0.1226699482        0.0711508422
1.9406521788        2.8228365632	0.2079381851        0.1007542600
2.7673535879        3.8557095280	0.3276138429        0.1407132097
3.9072973879        5.3563078622	0.4945540694        0.1962985762
5.5012870058        7.5297847372	0.7277422313        0.2745528922
7.7540031477       10.6909613245	1.0543005913        0.3848395792
10.9700248596       15.3423336588	1.5122947031        0.5399170454
15.6192023562       22.3461037893	2.1549896727        0.7578406304
22.4728451096       33.3688933101	3.0577259787        1.0655310965
32.9419906030       52.2462182805	4.3301629302        1.5066799629
50.1151437214       90.1485357852	6.1418596933        2.1632416781
83.0049195005      192.9194785153	8.7900619662        3.2321339881
176.5601375201      735.6463589267	12.9677092977        5.4820672068
	
Erange 63.0957 100.0000	
	
0.1658239396        1.3395057496	0.0035335098        0.0091030846
0.5171334562        1.4987427991	0.0189307470        0.0219107095
0.9303765239        1.8410316183	0.0479913291        0.0366477218
1.4570328475        2.4170444899	0.0934063315        0.0549529774
2.1653334704        3.3118542286	0.1599009759        0.0793083736
3.1504620332        4.6590364260	0.2552377206        0.1133547294
4.5493919965        6.6643006998	0.3915075062        0.1621489723
6.5633644119        9.6442870168	0.5866925246        0.2324921040
9.4930924836       14.0924381090	0.8667062213        0.3335959220
13.7964445656       20.8000831398	1.2683475597        0.4782687637
20.1903561433       31.1099377099	1.8437892244        0.6848674256
29.8547470228       47.5485442408	2.6677035867        0.9808514235
44.9220773087       75.7539180228	3.8496992950        1.4105774826
69.9612025672      131.8550455067	5.5598919049        2.0564635512
118.0768558650      281.9138329652	8.0960961548        3.1147098105
254.2595420172     1067.9597935073	12.1489357833        5.3470752640
	
Erange 100.0000 158.4893	
	
0.1756761595        1.4208126891	0.0020125661        0.0051910050
0.5505286518        1.6114612898	0.0108393026        0.0126277613
0.9999037318        2.0252895002	0.0277607373        0.0215606407
1.5874614146        2.7321798644	0.0549153549        0.0333846640
2.4001627967        3.8514474901	0.0962139068        0.0502953702
3.5632129966        5.5746510823	0.1582685859        0.0755353809
5.2625518263        8.2042888156	0.2515517622        0.1136336810
7.7799335176       12.2179930671	0.3918898941        0.1708798850
11.5490759025       18.3773308391	0.6026248580        0.2561954432
17.2485237779       27.9230048845	0.9178653622        0.3824592770
25.9640438451       42.9645540890	1.3873828979        0.5685478193
39.5031280951       67.4039800575	2.0842135217        0.8429296732
61.1190941492      109.6780457308	3.1175469237        1.2513442212
97.6505090874      193.2955349682	4.6584561429        1.8774322384
168.3048603665      413.8511622055	7.0062440251        2.9167470741
367.4931700895     1557.7282337642	10.8487716248        5.1200362418
	
Erange 158.4893 251.1886	
	
0.1849810144        1.4978835204	0.0014432115        0.0037255564
0.5825170816        1.7219688991	0.0078015318        0.0091302987
1.0680919394        2.2132075808	0.0201254698        0.0158171136
1.7189859907        3.0650607085	0.0402748736        0.0250466904
2.6439264344        4.4399480367	0.0717270043        0.0388327073
4.0043404658        6.6047701079	0.1204378422        0.0601510241
6.0474794955        9.9923281391	0.1959225087        0.0932081507
9.1597606865       15.3054117231	0.3127387452        0.1440089851
13.9545822300       23.6958570109	0.4927264320        0.2213025040
21.4206003005       37.0850596486	0.7683981195        0.3379614199
33.1825901670       58.7852243162	1.1880336160        0.5130898999
51.9978398425       94.8959999531	1.8235512817        0.7756846840
82.8541497359      158.2659861600	2.7837030596        1.1723016787
136.0932112896      283.5520195270	4.2399974600        1.7874363147
240.0959182851      609.6549922147	6.4927254011        2.8166376845
532.5788546477     2280.9309877308	10.2289376130        5.0054814386
	
Erange 251.1886 398.1072	
	
0.1937291539        1.5706065609	0.0011386076        0.0029411704
0.6130152828        1.8297103538	0.0061729978        0.0072506380
1.1346182332        2.4033602117	0.0160169098        0.0127075061
1.8507881367        3.4131427785	0.0323524323        0.0204817457
2.8950688629        5.0742168977	0.0583702583        0.0324552336
4.4716908947        7.7485973792	0.0995777894        0.0514120457
6.9029838434       12.0394139635	0.1648315576        0.0813399962
10.7082757662       18.9550564227	0.2678221909        0.1280531259
16.7379345351       30.1987341614	0.4293602682        0.2001715995
26.4061096473       48.6945175811	0.6808451715        0.3105368093
42.1079313203       79.5993558182	1.0694838116        0.4783756937
68.0128805319      132.4899971872	1.6663482147        0.7330239928
111.7694174550      227.2267493880	2.5798010053        1.1216059740
189.1425912709      415.5782752078	3.9815934667        1.7292644545
342.4123896734      900.3178320607	6.1727341131        2.7516812909
773.2294239612     3350.5197586168	9.8399722788        4.9312407185
	
Erange 398.1072 630.9573	
	
0.2019158046        1.6389051516	0.0007164949        0.0018535144
0.6419502451        1.9341332002	0.0039101864        0.0046303912
1.1991570298        2.5941854650	0.0102801072        0.0083305479
1.9819692112        3.7733320282	0.0212070465        0.0139590364
3.1517101679        5.7495852951	0.0393748785        0.0231433556
4.9621842474        9.0018516994	0.0694755195        0.0383107457
7.8256987501       14.3498347886	0.1191707702        0.0630622861
12.4265830891       23.2050935685	0.2005851272        0.1028633169
19.9204891715       38.0277104825	0.3326494626        0.1660632136
32.2917003483       63.1776787592	0.5446788599        0.2653813786
53.0114135859      106.5716285356	0.8817981251        0.4201953469
88.3074175025      183.1983206226	1.4133459061        0.6604101631
149.8575549313      324.0629451879	2.2467669669        1.0342079766
261.8138047320      607.5873494961	3.5541234905        1.6280489634
487.6695796132     1331.5252764022	5.6378062889        2.6381353298
1123.7856229865     4934.4016353584	9.1844824112        4.8016213244
	
Erange 630.9573 1000.0000	
	
0.2095403672        1.7027356913	0.0005327914        0.0013797889
0.6692601121        2.0347012203	0.0029220141        0.0034813297
1.2613876042        2.7840281863	0.0077588420        0.0063868138
2.1115725077        4.1420544760	0.0162599926        0.0110042751
3.4116824155        6.4598736493	0.0308208828        0.0188060416
5.4718213397       10.3564329353	0.0556612598        0.0320129267
8.8098831744       16.9196327546	0.0977557048        0.0540079284
14.3105345106       28.0785940267	0.1683264856        0.0900461102
23.5137350025       47.3036804040	0.2852019801        0.1482913872
39.1498871592       80.9542970092	0.4764397277        0.2413494780
66.1585543126      140.9671975584	0.7858625488        0.3886392367
113.7036555283      250.5793811430	1.2816696416        0.6203667159
199.4670440955      458.3754372831	2.0706307332        0.9853451316
360.4996937010      884.7363715825	3.3248991112        1.5708916426
692.8593043866     1970.1664606309	5.3477122672        2.5736841410
1633.7605399963     7282.0817115084	8.8259523751        4.7281271127
	
Erange 1000.0000 1584.8932	
	
0.2166060426        1.7620858203	0.0002992241        0.0007768847
0.6948948928        2.1309077515	0.0016602631        0.0020065660
1.3210019911        2.9711876157	0.0045138170        0.0038523102
2.2386090515        4.5153519517	0.0098111413        0.0070518785
3.6725822753        7.1974929016	0.0194616438        0.0128051536
5.9957399972       11.8002729181	0.0368864681        0.0229904356
9.8473289953       19.7353329552	0.0679045674        0.0406223196
16.3499566375       33.5787627405	0.1222041351        0.0705684432
27.5163620202       58.1128910972	0.2156923865        0.1206153238
47.0305036488      102.4042649371	0.3741677069        0.2030907674
81.7883875639      184.0869804438	0.6390292853        0.3373950011
145.0476599672      338.6676893460	1.0762526605        0.5541903302
263.2676155476      642.0656260361	1.7911592740        0.9034013814
493.1439369881     1281.0200866901	2.9558684609        1.4739942115
980.8888328465     2913.2681997688	4.8751392319        2.4637954099
2374.1435352218    10764.0254964082	8.2366778448        4.6029358609
	
Erange 1584.8932 2511.8864	
	
0.2231194541        1.8169724119	0.0002134705        0.0005552467
0.7188169833        2.2222877664	0.0011944382        0.0014584384
1.3777125393        3.1539663091	0.0033030929        0.0028902828
2.3620851571        4.8889977566	0.0073633575        0.0055003743
3.9318367003        7.9536262518	0.0150440188        0.0103516892
6.5283197544       13.3174053559	0.0293726979        0.0191571446
10.9273981782       22.7731045214	0.0555989092        0.0347438858
18.5281289881       39.6846228174	0.1026407267        0.0617661025
31.9115743589       70.4921916818	0.1854143264        0.1077870257
55.9514771257      127.8262976944	0.3285173216        0.1849494101
100.0876592710      237.1706937129	0.5720171780        0.3125950217
183.1499335222      451.8059098764	0.9806147524        0.5215821469
344.1568705451      889.3252546250	1.6587347439        0.8624104032
669.3082913928     1841.1416590626	2.7783675668        1.4249765740
1382.0600170418     4299.8114524701	4.6450720342        2.4078703105
3445.9920611640    15929.5809713669	7.9472026836        4.5392702167
	
Erange 2511.8864 3981.0717	
	
0.2290902546        1.8674392713	0.0001680126        0.0004376511
0.7410014090        2.3084280089	0.0009465405        0.0011653667
1.4312586311        3.3307175223	0.0026538938        0.0023680456
2.4810300612        5.2586252768	0.0060343511        0.0046379834
4.1867778881        8.7184830490	0.0126044257        0.0089518483
7.0633313777       14.8882719457	0.0251439404        0.0169190097
12.0372021856       25.9984966102	0.0485422221        0.0312441752
20.8216027685       46.3476882162	0.0912233303        0.0564366963
36.6649677811       84.4147187990	0.1674571159        0.0999033373
65.8897256977      157.3909317423	0.3010446185        0.1736501546
121.1610474403      301.2668251461	0.5311533324        0.2969613931
228.7043196376      594.3516770569	0.9216025900        0.5008065846
445.0883850739     1216.2696830054	1.5761719146        0.8360592730
900.0433332683     2621.9125288369	2.6667207964        1.3932536792
1935.4986781293     6325.5187556787	4.4993322324        2.3715445630
4991.8612218043    23591.7120608104	7.7628668850        4.4979306792
 	 
Erange 3981.0717 6309.5734	
 	 
0.2345307234        1.9135545495	0.0001055373        0.0002758456
0.7614357578        2.3889747774	0.0006041149        0.0007580597
1.4814122354        3.4998886524	0.0017480809        0.0016273892
2.5945221262        5.6198619557	0.0041489235        0.0033773575
4.4347232241        9.4816105261	0.0090677748        0.0068416530
7.5941238566       16.4902610810	0.0188708737        0.0134560408
13.1619250234       29.3668509509	0.0378405484        0.0257094630
23.2004295667       53.4901510200	0.0735534744        0.0478470046
41.7233014855       99.7777588324	0.1391499702        0.0869809853
76.7732195711      191.0919544082	0.2570126197        0.1548469095
144.9996933508      377.0743347885	0.4646737064        0.2705890952
282.1869142139      770.2413737512	0.8243107747        0.4653363337
568.8049555678     1640.0497642635	1.4384517779        0.7906106418
1197.4463781653     3692.4462225739	2.4786279831        1.3381198016
2690.1608723379     9259.7695795316	4.2518384036        2.3081433515
7210.4867911605    34949.8621342453	7.4479905528        4.4257998199
	 
Erange 6309.5734 10000.0000	
	
0.2394553584        1.9554079177	0.0000785427        0.0002058283
0.7801198040        2.4636391559	0.0004551925        0.0005795163
1.5279820767        3.6600587689	0.0013488675        0.0012939465
2.7017122939        5.9684608573	0.0032998006        0.0027884026
4.6730555973       10.2322439796	0.0074321615        0.0058211433
8.1138381301       18.0984531145	0.0158908890        0.0117334511
14.2852779224       32.8244314564	0.0326288715        0.0228910201
25.6288356565       61.0050195773	0.0647538076        0.0433834863
47.0144559795      116.3946739251	0.1247687660        0.0801450248
88.4753921621      228.7020697667	0.2342408160        0.1447399726
171.4514753527      464.7682403621	0.4297430785        0.2562100884
343.7411136678      982.4130116555	0.7724665951        0.4457521693
717.4704249332     2177.2880734676	1.3641581107        0.7652495837
1573.7766479014     5132.0956723390	2.3761018937        1.3071066983
3704.7798868909    13461.9204092505	4.1158110002        2.2723201246
10374.6593433394    51765.6463616529	7.2738777918        4.3850533669
	
Erange 10000.0000 15848.9319	
	
0.2438804660        1.9931075378	0.0000443803        0.0001170612
0.7970648296        2.5321996121	0.0002652186        0.0003495079
1.5708162761        3.8099686665	0.0008308553        0.0008496206
2.8018436430        6.3004222227	0.0021681420        0.0019698121
4.8992993295       10.9596721054	0.0051848945        0.0043508557
8.6156338849       19.6865239291	0.0116752594        0.0091793712
15.3900594171       36.3102349137	0.0250600751        0.0186109193
28.0663321466       68.7584658247	0.0516739375        0.0364635217
52.4487738295      133.9926243138	0.1029490023        0.0693518533
100.8130588200      269.7397131752	0.1990559138        0.1285207134
200.1973618131      563.8292171800	0.3748926901        0.2327977449
413.0602478933     1232.1215232497	0.6898868044        0.4134538406
892.2113282342     2841.7494266514	1.2443377611        0.7229685667
2040.0123256773     7024.8432469210	2.2090007328        1.2549753888
5045.7915498235    19391.0516051091	3.8922422144        2.2118227860
14851.0520066624    76608.3221457268	6.9859666674        4.3162513149
	
Erange 15848.9319 25118.8643	
	
0.2478237402        2.0267767589	0.0000318693        0.0000844803
0.8122926168        2.5945018166	0.0001949241        0.0002632875
1.6098032785        3.9485419405	0.0006347353        0.0006755668
2.8942658797        6.6120973042	0.0017249962        0.0016333353
5.1111866078       11.6535905279	0.0042731255        0.0037231451
9.0929127026       21.2277361896	0.0099089127        0.0080560505
16.4587790787       39.7583568820	0.0217985807        0.0166815721
30.4691937613       76.5943699840	0.0458990884        0.0332777028
57.9218194497      152.2172677193	0.0931095939        0.0642904126
113.5487212338      313.4538523937	0.1828930899        0.1207897615
230.7384398931      672.9036975388	0.3492826893        0.2214758267
489.2842217427     1518.2185242562	0.6507752648        0.3976355573
1092.6048111538     3641.2905563464	1.1868817849        0.7020384396
2603.7952683774     9448.8629435019	2.1280348411        1.2289580238
6781.9558559561    27598.3331155503	3.7830181955        2.1814899324
21118.2433072225   113183.5229530682	6.8444685608        4.2817567383
	
Erange 25118.8643 39810.7171	
	
0.2513037826        2.0565501490	0.0000252373        0.0000671839
0.8258339408        2.6504550129	0.0001573921        0.0002168208
1.6448705693        4.0748946493	0.0005282742        0.0005788589
2.9784429262        6.9002646563	0.0014789295        0.0014407960
5.3067076376       12.3044093771	0.0037554780        0.0033559511
9.5395152152       22.6959181145	0.0088864647        0.0073875352
17.4742816989       43.1006722072	0.0198792254        0.0155169220
32.7921607788       84.3406629990	0.0424522975        0.0313310777
63.3183435953      170.6445382956	0.0871647656        0.0611648614
126.3974889982      358.8315881810	0.1730235336        0.1159711072
262.3972449615      789.7220604139	0.3334984524        0.2143606938
570.9288449059     1836.5034148070	0.6264730727        0.3876228815
1316.1762182710     4574.3320430449	1.1509296667        0.6887092107
3266.8260783317    12460.4406840543	2.0770723715        1.2123118442
8974.2238905984    38685.3227049071	3.7139476867        2.1620309084
29774.1042254808   166736.2121193463	6.7546884524        4.2596279292
	 
Erange 39810.7171 63095.7344	
	
0.2543394167        2.0825676243	0.0000161101        0.0000433396
0.8377260102        2.7000226647	0.0001052574        0.0001514675
1.6759796832        4.1883275930	0.0003771245        0.0004375247
3.0539494126        7.1621610426	0.0011197396        0.0011498796
5.4841321291       12.9034607403	0.0029801465        0.0027875032
9.9498555252       24.0662719232	0.0073211981        0.0063328021
18.4202671883       46.2694050040	0.0168863969        0.0136504095
34.9900884509       91.8164617484	0.0369933310        0.0281694379
68.5168240078      188.7977184980	0.0776226243        0.0560293649
139.0376089134      404.6282127011	0.1569968834        0.1079729164
294.3338696378      911.0927028457	0.3076065127        0.2024444907
655.8618881780     2179.2595221307	0.5862549468        0.3707220139
1557.9830846653     5626.2893969400	1.0909764790        0.6660605757
4021.9179994714    16072.4288576519	1.9915429250        1.1838831819
11659.5477967778    53206.2878997479	3.5974400165        2.1287009882
41513.7415845500   244439.9755124314	6.6026985385        4.2217240857
	
Erange 63095.7344 100000.0000	
	
0.2569484177        2.1049634228	0.0000121557        0.0000329893
0.8480073615        2.7432010941	0.0000823984        0.0001223397
1.7031134954        4.2882858534	0.0003089634        0.0003715555
3.1204456544        7.3954270397	0.0009523845        0.0010091184
5.6419747263       13.4429989883	0.0026084289        0.0025053331
10.3189195012       25.3157204297	0.0065529068        0.0057987527
19.2815074328       49.1987957569	0.0153886296        0.0126898230
37.0190090136       98.8379022795	0.0342166249        0.0265198030
73.3931891904      206.1646333889	0.0727014821        0.0533179395
151.1212562599      449.4089287977	0.1486326469        0.1037062521
325.5703287167     1032.9600475330	0.2939536040        0.1960299401
741.3212826666     2535.0253655210	0.5648571366        0.3615520738
1810.3306524005     6766.4096585514	1.0588322685        0.6536898852
4849.9805694118    20228.4703696450	1.9453897525        1.1682759322
14827.7385639260    71490.1275959468	3.5342504979        2.1103487957
57039.3278178399   355450.0655471712	6.5199657896        4.2008523209
	
Erange 100000.0000 158489.3192	
	
0.2591447387        2.1238420233	0.0000071347        0.0000198258
0.8567065473        2.7799704619	0.0000529467        0.0000840296
1.7262458860        4.3742478097	0.0002181269        0.0002802740
3.1776058289        7.5978736410	0.0007213605        0.0008073288
5.7788406695       13.9157583329	0.0020801550        0.0020906123
10.6419654204       26.4221857941	0.0054352820        0.0049984916
20.0433433294       51.8242676898	0.0131681009        0.0112274646
38.8355080673      105.2183720757	0.0300345720        0.0239748495
77.8207828699      222.2033117347	0.0651901784        0.0490869662
162.2776793848      491.5711447598	0.1357193451        0.0969821658
355.0024606911     1150.4491185479	0.2726660803        0.1858328424
823.9259847250     2888.4468181972	0.5312071536        0.3468642561
2062.5313452565     7944.9306130230	1.0079098069        0.6337485238
5716.9148341701    24773.7402712291	1.8718242482        1.1429936952
18390.2328852710    93355.4263669236	3.4330417706        2.0805350942
76822.1140663875   509657.2489097202	6.3869988528        4.1669429466
	
Erange 158489.3192 251188.6431	
	
0.2609319877        2.1392216308	0.0000037098        0.0000108336
0.8638156008        2.8101793221	0.0000323096        0.0000561647
1.7452692812        4.4454502273	0.0001507518        0.0002087064
3.2249371495        7.7668419647	0.0005409159        0.0006414984
5.8929974784       14.3135104584	0.0016506957        0.0017384232
10.9135460289       27.3614169351	0.0044980147        0.0043014937
20.6895095679       54.0755611474	0.0112590458        0.0099274880
40.3919748900      110.7538058159	0.0263650642        0.0216736122
81.6601062650      236.3104655754	0.0584859132        0.0452053173
172.0909379701      529.2742249184	0.1240248230        0.0907355616
381.3488235413     1257.6822380932	0.2531455356        0.1762560455
899.5321884902     3219.5770029122	0.5000163513        0.3329387649
2300.2800260705     9088.7609713902	0.9602719646        0.6146906833
6569.2164102371    29417.1996158106	1.8024735421        1.1186828636
22135.8034585681   117672.6621516785	3.3370542605        2.0517638379
100548.9193793450   712572.5246885025	6.2603514896        4.1342151563
	
Erange 251188.6431 398107.1705	
	
0.2622869461        2.1508916652	0.0000037098        0.0000108336
0.8692233468        2.8332555942	0.0000323096        0.0000561647
1.7598124274        4.5001921284	0.0001507518        0.0002087064
3.2613189885        7.8975335603	0.0005409159        0.0006414984
5.9812522084       14.6231221991	0.0016506957        0.0017384232
11.1248281067       28.0977171081	0.0044980147        0.0043014937
21.1957775229       55.8547559005	0.0112590458        0.0099274880
41.6214482048      115.1696486014	0.0263650642        0.0216736122
84.7220982664      247.6897057219	0.0584859132        0.0452053173
180.0082758184      560.0969246961	0.1240248230        0.0907355616
402.9106395680     1346.8215025554	0.2531455356        0.1762560455
962.5491229301     3500.8408738499	0.5000163513        0.3329387649
2503.3721701209    10089.4028758906	0.9602719646        0.6146906833
7323.7151391072    33660.9919257116	1.8024735421        1.1186828636
25653.3490060511   141635.1849024498	3.3370542605        2.0517638379
125897.7353799670   950255.4968550852	6.2603514896        4.1342151563
	
Erange 398107.1705 10000000000000000000000.0	
	
0.2631124028        2.1580055967	0.0000024354        0.0000074862
0.8725255593        2.8473882024	0.0000243674        0.0000449745
1.7687240044        4.5338677606	0.0001232399        0.0001779985
3.2836972850        7.9782690135	0.0004637532        0.0005675771
6.0357554794       14.8152370206	0.0014607922        0.0015772245
11.2558826749       28.5568618664	0.0040729683        0.0039759856
21.5113656883       56.9705310879	0.0103759836        0.0093105287
42.3922565729      117.9572226613	0.0246402394        0.0205668656
86.6548135566      254.9293570296	0.0552924317        0.0433174694
185.0466402083      579.8936956604	0.1183914162        0.0876681895
416.7718334269     1404.7576614194	0.2436516382        0.1715140933
1003.5932537595     3686.5001454561	0.4847212441        0.3259937254
2638.0213683007    10764.1790842245	0.9367472008        0.6051282005
7837.2202375090    36616.5086322835	1.7680261580        1.1064276094
28156.6362523353   159305.7231269104	3.2891576434        2.0372203068
145963.2902821605  1153338.3790154944	6.1969518875        4.1176697336
	
