# Published in J. Chem. Theory Comput. 2021, 17, 3, 1662-1677
#  Minimax grids with 18 points, for different energy ranges (Erange)
# Grid-points: 18.  N Eranges: 24

# Column1: Time    column2: weight

Erange 0.0000 39.8107

0.0065047076        0.0167274166
0.0345763845        0.0396320790
0.0863605589        0.0643278044
0.1642436820        0.0920726670
0.2720827763        0.1245689089
0.4157314705        0.1641431838
0.6037727277        0.2139629827
0.8484615472        0.2782357701
1.1668574435        0.3623970743
1.5821748449        0.4733813406
2.1255130141        0.6201412070
2.8383150331        0.8146289485
3.7761844897        1.0736246942
5.0153178459        1.4223973564
6.6645553124        1.9030598837
8.8915509813        2.5972903740
11.9933512287        3.7067955625
16.6764703424        6.0309875385

Erange 39.8107 63.0957

0.0041722274        0.0107351233
0.0222307290        0.0255564508
0.0557735799        0.0418565820
0.1068018040        0.0607451424
0.1786412823        0.0837875902
0.2764899558        0.1131972225
0.4081654524        0.1520293699
0.5850289260        0.2043411997
0.8230733480        0.2753797327
1.1442695864        0.3719329030
1.5783977765        0.5029671890
2.1657119063        0.6806881808
2.9610030185        0.9223683600
4.0402315706        1.2539117965
5.5126167119        1.7179680620
7.5464674378        2.3960872497
10.4384200068        3.4874681328
14.8878794521        5.7769132915

Erange 63.0957 100.0000

0.0031306057        0.0080582510
0.0167097480        0.0192509609
0.0420603753        0.0317394428
0.0809539653        0.0465387250
0.1363909679        0.0651190143
0.2131477981        0.0895940655
0.3185096464        0.1228924837
0.4631573414        0.1689031535
0.6622260350        0.2326964879
0.9366779620        0.3209482712
1.3152330549        0.4426422427
1.8371818863        0.6101629541
2.5566133546        0.8411236798
3.5491924579        1.1618888828
4.9243156649        1.6155610055
6.8507976282        2.2838110398
9.6253893619        3.3646504592
13.9441065436        5.6350170315

Erange 100.0000 158.4893

0.0017784976        0.0045820369
0.0095305033        0.0110339171
0.0241715764        0.0184719163
0.0470787134        0.0277374294
0.0806744955        0.0401072366
0.1289443167        0.0574545179
0.1980991784        0.0823776590
0.2973741997        0.1183640886
0.4400631372        0.1701154914
0.6449848393        0.2440891501
0.9386073149        0.3492807527
1.3581198602        0.4983722613
1.9559668798        0.7095962619
2.8069438671        1.0102346423
4.0205781847        1.4444207814
5.7666962939        2.0944104185
8.3428178610        3.1566548553
12.4402956710        5.3953896204

Erange 100.0000 251.1886

0.0012731021        0.0032819955
0.0068408899        0.0079468793
0.0174418712        0.0134463067
0.0342567627        0.0205292847
0.0594095603        0.0303582078
0.0964524637        0.0446469182
0.1509745874        0.0657772653
0.2313566176        0.0969972856
0.3498108077        0.1428023535
0.5239021242        0.2095165425
0.7787609548        0.3061070498
1.1502794202        0.4453729615
1.6898140334        0.6458550254
2.4714863686        0.9353531014
3.6047494209        1.3586573520
5.2599772757        1.9985335334
7.7353545752        3.0509031140
11.7204273208        5.2738872948

Erange 251.1886 398.1072

0.0010030076        0.0025869659
0.0054011929        0.0062911966
0.0138290060        0.0107351937
0.0273431384        0.0166070638
0.0478739878        0.0249888153
0.0786830586        0.0374779892
0.1249328308        0.0563035562
0.1944173562        0.0845522551
0.2986096721        0.1265793380
0.4542136973        0.1886080979
0.6854260122        0.2795655359
1.0272086576        0.4123050051
1.5301066611        0.6055566518
2.2676993472        0.8874705225
3.3493180374        1.3033133510
4.9456886302        1.9362701532
7.3555254238        2.9820300811
11.2674173193        5.1948743744

Erange 398.1072 630.9573

0.0006292470        0.0016247092
0.0034047652        0.0039893994
0.0087998347        0.0069374055
0.0176636613        0.0110494736
0.0315919108        0.0172556556
0.0533250279        0.0269305189
0.0872499733        0.0420241387
0.1400989014        0.0653370029
0.2220074191        0.1009630577
0.3481020164        0.1549116725
0.5408282237        0.2359862840
0.8333481627        0.3570806030
1.2745678967        0.5372219913
1.9368869444        0.8051888647
2.9292459714        1.2071767417
4.4229488336        1.8272882687
6.7178167799        2.8610494958
10.5012007219        5.0562989441

Erange 630.9573 1000.0000

0.0004668842        0.0012064426
0.0025351832        0.0029835181
0.0065984217        0.0052614499
0.0133946637        0.0085599069
0.0243333257        0.0137168167
0.0418555360        0.0219731076
0.0699004840        0.0351198350
0.1145900856        0.0557937273
0.1852868936        0.0879277307
0.2961886017        0.1373837724
0.4686822380        0.2128597956
0.7348065677        0.3272351253
1.1424023312        0.4996790920
1.7630505380        0.7593294859
2.7053476877        1.1529622794
4.1408869163        1.7653147148
6.3702167167        2.7919762112
10.0802468832        4.9772976246

Erange 1000.0000  1584.8932

0.0002609145        0.0006754356
0.0014284110        0.0016981110
0.0037793134        0.0030935620
0.0078755343        0.0052777001
0.0148187271        0.0089246777
0.0265443710        0.0150467301
0.0462373542        0.0251712972
0.0789916248        0.0416516502
0.1328484338        0.0681184703
0.2203793192        0.1101320672
0.3610645276        0.1761428878
0.5848529331        0.2789306706
0.9375236694        0.4378452603
1.4889766904        0.6826254816
2.3469686778        1.0611210798
3.6834788446        1.6593600204
5.8004501435        2.6733428837
9.3845111361        4.8417963244

Erange 1584.8932 2511.8864

0.0001855132        0.0004808527
0.0010215029        0.0012230540
0.0027344894        0.0022794774
0.0058038701        0.0040136580
0.0111810482        0.0070154038
0.0205518301        0.0121847612
0.0367304306        0.0209200715
0.0643020141        0.0354265591
0.1106402537        0.0591658737
0.1874733094        0.0975188516
0.3132642909        0.1587743800
0.5168126983        0.2556200594
0.8427221510        0.4074603986
1.3598834123        0.6443266993
2.1754818299        1.0146526822
3.4616215444        1.6052318671
5.5210242574        2.6124403539
9.0404183615        4.7723166035

Erange 2511.8864 3981.0717

0.0001456238        0.0003778417
0.0008055882        0.0009700553
0.0021769113        0.0018409801
0.0046881274        0.0033204021
0.0091960012        0.0059440003
0.0172289056        0.0105417311
0.0313676494        0.0184298427
0.0558742925        0.0317154956
0.0976924101        0.0537447672
0.1679981434        0.0897721983
0.2845779773        0.1479680120
0.4754535139        0.2409432628
0.7844166640        0.3881219090
1.2796417983        0.6197175137
2.0678834726        0.9845552849
3.3212938448        1.5699678410
5.3431231416        2.5726424687
8.8202578143        4.7269410448

Erange 3981.0717 6309.5734

0.0000909434        0.0002365077
0.0005084551        0.0006202375
0.0014038245        0.0012255392
0.0031221230        0.0023241242
0.0063617362        0.0043602816
0.0123882065        0.0080480212
0.0233919773        0.0145629864
0.0430875180        0.0258371040
0.0776765891        0.0450037849
0.1373660052        0.0770784682
0.2387325306        0.1299970894
0.4083802957        0.2162028654
0.6885894480        0.3551191335
1.1461602509        0.5772581722
1.8869698703        0.9321489118
3.0831793457        1.5081480020
5.0390002479        2.5026251804
8.4417800601        4.6471582141

Erange 6309.5734 10000.0000

0.0000673945        0.0001755699
0.0003798446        0.0004678983
0.0010659080        0.0009522285
0.0024265421        0.0018681793
0.0050751785        0.0036110851
0.0101369719        0.0068332405
0.0195925662        0.0126319553
0.0368571498        0.0228377530
0.0677192628        0.0404577801
0.1218356486        0.0703617134
0.2150838804        0.1203371305
0.3732330142        0.2027116881
0.6376531034        0.3368866239
1.0742933968        0.5535294427
1.7884575020        0.9025767817
2.9522623751        1.4730129882
4.8704824975        2.4626788344
8.2308353047        4.6016648051

Erange 10000.0000 15848.9319

0.0000377097        0.0000986461
0.0002167182        0.0002732211
0.0006319648        0.0005941976
0.0015150185        0.0012489573
0.0033448467        0.0025562032
0.0070251246        0.0050699083
0.0142014149        0.0097562138
0.0278013296        0.0182704930
0.0529266569        0.0333967549
0.0983025113        0.0597405157
0.1786001507        0.1048109090
0.3181200064        0.1807030828
0.5565968916        0.3067401642
0.9584083064        0.5138238175
1.6277447069        0.8525929113
2.7365521725        1.4131782078
4.5905838638        2.3943728637
7.8783744009        4.5239087650

Erange 15848.9319 25118.8643

0.0000268925        0.0000705639
0.0001567938        0.0002010029
0.0004698940        0.0004569474
0.0011654522        0.0010009365
0.0026598951        0.0021165284
0.0057538401        0.0043108433
0.0119342112        0.0084845759
0.0238928003        0.0162034579
0.0463925219        0.0301348775
0.0876901279        0.0547430159
0.1618393585        0.0973833001
0.2923748367        0.1700150284
0.5181611748        0.2919005681
0.9027178845        0.4940433005
1.5496007583        0.8274397077
2.6306172996        1.3828393794
4.4520231849        2.3595954112
7.7028603230        4.4843344151

Erange 25118.8643 39810.7171

0.0000211776        0.0000557090
0.0001249560        0.0001623668
0.0003827494        0.0003817826
0.0009739917        0.0008611922
0.0022768842        0.0018628123
0.0050288443        0.0038644212
0.0106183172        0.0077247853
0.0215888221        0.0149514708
0.0424877265        0.0281353064
0.0812706705        0.0516464716
0.1515902772        0.0927364295
0.2764785036        0.1632699055
0.4942222306        0.2824618316
0.8677632859        0.4813744804
1.5002201240        0.8112354873
2.5632899998        1.3632083348
4.3635548021        2.3370376096
7.5904189072        4.4586695607

Erange 39810.7171 63095.7344

0.0000133451        0.0000353174
0.0000810013        0.0001085392
0.0002605055        0.0002738195
0.0006990271        0.0006535801
0.0017129267        0.0014755922
0.0039366412        0.0031684382
0.0085957280        0.0065190646
0.0179849133        0.0129340795
0.0362852280        0.0248697209
0.0709344754        0.0465285612
0.1348875923        0.0849733606
0.2502921603        0.1518920884
0.4544059617        0.2664015036
0.8091261467        0.4596518597
1.4167608214        0.7832699688
2.4487747251        1.3291621589
4.2123155728        2.2978086666
7.3974814637        4.4140442853

Erange 63095.7344 100000.0000

0.0000099676        0.0000265072
0.0000618693        0.0000848293
0.0002061700        0.0002243909
0.0005732111        0.0005548116
0.0014473024        0.0012859342
0.0034089210        0.0028196917
0.0075968501        0.0059033849
0.0161712884        0.0118871614
0.0331125601        0.0231510113
0.0655713201        0.0438012131
0.1261111596        0.0807902276
0.2363778687        0.1456998527
0.4330380933        0.2575826900
0.7773799460        0.4476297938
1.3712280042        0.7676898788
2.3858924319        1.3100989865
4.1288368000        2.2757817959
7.2905843090        4.3889905684

Erange 100000.0000 158489.3192

0.0000056963        0.0000153412
0.0000373947        0.0000540379
0.0001348083        0.0001571883
0.0004023634        0.0004150424
0.0010752236        0.0010095540
0.0026498794        0.0022996686
0.0061277097        0.0049677120
0.0134527128        0.0102701101
0.0282784222        0.0204586605
0.0572823559        0.0394755241
0.1123759530        0.0740820751
0.2143593589        0.1356715341
0.3988910474        0.2431742884
0.7262055443        0.4278346575
1.2972724973        0.7418671104
2.2831028096        1.2783452048
3.9916826660        2.2389880178
7.1143030231        4.3471445584

Erange 158489.3192 251188.6431

0.0000027828        0.0000077009
0.0000203426        0.0000319577
0.0000826259        0.0001051775
0.0002705161        0.0003004829
0.0007744772        0.0007735827
0.0020126927        0.0018413407
0.0048553891        0.0041212615
0.0110360900        0.0087746784
0.0238846577        0.0179211329
0.0496025957        0.0353304914
0.0994354927        0.0675593851
0.1933074777        0.1257928340
0.3658165918        0.2288155791
0.6760691117        0.4079058108
1.2240942741        0.7156450471
2.1805392273        1.2458883319
3.8539170196        2.2012394565
6.9363819235        4.3042158708

Erange 251188.6431 398107.1705

0.0000027828        0.0000077009
0.0000203426        0.0000319577
0.0000826259        0.0001051775
0.0002705161        0.0003004829
0.0007744772        0.0007735827
0.0020126927        0.0018413407
0.0048553891        0.0041212615
0.0110360900        0.0087746784
0.0238846577        0.0179211329
0.0496025957        0.0353304914
0.0994354927        0.0675593851
0.1933074777        0.1257928340
0.3658165918        0.2288155791
0.6760691117        0.4079058108
1.2240942741        0.7156450471
2.1805392273        1.2458883319
3.8539170196        2.2012394565
6.9363819235        4.3042158708

Erange 398107.1705 630957.3445

0.0000016694        0.0000047739
0.0000136431        0.0000229508
0.0000608878        0.0000821956
0.0002124643        0.0002471768
0.0006361565        0.0006597466
0.0017094518        0.0016139990
0.0042330503        0.0036918312
0.0098270445        0.0080015967
0.0216443421        0.0165881389
0.0456228251        0.0331226449
0.0926348688        0.0640425960
0.1821078042        0.1204090835
0.3480309173        0.2209154441
0.6488535836        0.3968490483
1.1840460858        0.7009937355
2.1240237708        1.2276555589
3.7775910855        2.1799688612
6.8374227770        4.2800269812

Erange 630957.3445 1000000.0000

0.0000016694        0.0000047739
0.0000136431        0.0000229508
0.0000608878        0.0000821956
0.0002124643        0.0002471768
0.0006361565        0.0006597466
0.0017094518        0.0016139990
0.0042330503        0.0036918312
0.0098270445        0.0080015967
0.0216443421        0.0165881389
0.0456228251        0.0331226449
0.0926348688        0.0640425960
0.1821078042        0.1204090835
0.3480309173        0.2209154441
0.6488535836        0.3968490483
1.1840460858        0.7009937355
2.1240237708        1.2276555589
3.7775910855        2.1799688612
6.8374227770        4.2800269812

Erange 1000000.0000 10000000000000000000000.0

0.0000010515        0.0000031482
0.0000098211        0.0000176266
0.0000478396        0.0000677798
0.0001761502        0.0002125503
0.0005469505        0.0005839810
0.0015092947        0.0014598459
0.0038146738        0.0033962665
0.0090020307        0.0074628884
0.0200964951        0.0156494991
0.0428440003        0.0315539086
0.0878430751        0.0615241150
0.1741537968        0.1165268514
0.3353119555        0.2151837046
0.6292732085        0.3887840027
1.1550823533        0.6902582499
2.0829710319        1.2142495239
3.7219553511        2.1642981422
6.7651092794        4.2622062398

