# Published in J. Chem. Theory Comput. 2021, 17, 3, 1662-1677	
#  Minimax grids with 20 points, for different energy ranges (Erange)	
# Grid-points: 20.  N Eranges: 26	
	
# Column1: Frequency    column2: weight	# Column3: Time    column4: weight
	
Erange 0.0000 39.8107	
	
 0.1259109480        1.0128675296	0.0042417726        0.0109070896
 0.3861703090        1.0808186695	0.0225386312        0.0258215557
 0.6724232505        1.2221980468	0.0562526546        0.0418492876
 1.0043127205        1.4483179456	0.1068629789        0.0597626762
 1.4051203700        1.7771645475	0.1767480303        0.0805983718
 1.9036063148        2.2348934330	0.2694967566        0.1057617828
 2.5363257747        2.8581886743	0.3903413742        0.1371550770
 3.3506737777        3.6977951053	0.5467141953        0.1772939553
 4.4090140769        4.8237859184	0.7489117852        0.2294077942
 5.7944469634        6.3336557813	1.0108647946        0.2975609808
 7.6191667188        8.3654678679	1.3510691399        0.3868670009
10.0371978610       11.1209068882	1.7938076281        0.5038662197
13.2651939300       14.9095176408	2.3708612715        0.6571437130
17.6195574163       20.2421704270	3.1240180105        0.8583463758
23.5900215761       28.0491460570	4.1089488325        1.1240021613
32.0037169556       40.2481333250	5.4016887174        1.4791765086
44.4441799334       61.4475567777	7.1107531861        1.9658740247
64.5299314803      105.2396406746	9.4034717553        2.6659270102
103.0709621715      227.1442363764	12.5770535750        3.7820372655
214.2378885785      879.1417316771	17.3406428377        6.1188680951
	
Erange 39.8107 63.0957	
	
 0.1269005661        1.0209189060	0.0037488236        0.0096407657
 0.3893436383        1.0905247630	0.0199302931        0.0228488140
 0.6784223260        1.2354440535	0.0497936793        0.0371079148
 1.0143054963        1.4674710893	0.0947408260        0.0531595075
 1.4209575480        1.8053760802	0.1570412819        0.0720091944
 1.9280640442        2.2764911488	0.2401452883        0.0950337326
 2.5734629819        2.9192110081	0.3491180665        0.1241065543
 3.4063474143        3.7867331377	0.4911935249        0.1617080729
 4.4916150233        4.9526246804	0.6764290683        0.2110214333
 5.9159470021        6.5193488091	0.9184668187        0.2760608848
 7.7966091574        8.6320568315	1.2354696723        0.3619046982
10.2948349674       11.5026606910	1.6513682763        0.4750930017
13.6376091270       15.4558538652	2.1976141031        0.6242574248
18.1564082014       21.0261510236	2.9157364131        0.8211393223
24.3637900705       29.1842857065	3.8612621563        1.0823985873
33.1239654661       41.9274301678	5.1102224591        1.4332424319
46.0884630118       64.0510985724	6.7712523855        1.9157658348
67.0263507212      109.6996665288	9.0118118124        2.6116952045
107.1915270177      236.6635224289	12.1288761753        3.7229736169
222.9766291753      915.4739377571	16.8294513682        6.0501925718
	
Erange 63.0957 100.0000	
	
 0.1357641163        1.0931306031	0.0028104368        0.0072298140
 0.4179192274        1.1788166742	0.0149618879        0.0171819050
 0.7329685667        1.3583455500	0.0374765159        0.0280490206
 1.1062958971        1.6486589992	0.0715858114        0.0405021821
 1.5687627756        2.0769745575	0.1193163993        0.0554742773
 2.1595835272        2.6834584997	0.1838032798        0.0742694785
 2.9300528201        3.5254424165	0.2697204816        0.0986795173
 3.9485726796        4.6837156169	0.3838179390        0.1310787103
 5.3076024137        6.2718182500	0.5355486564        0.1745173778
 7.1334704522        8.4500187236	0.7378144250        0.2328776513
 9.6005791161       11.4472299126	1.0079252586        0.3111526535
12.9527334837       15.5977311656	1.3689145349        0.4158840372
17.5369957005       21.4086009685	1.8513909727        0.5558129803
23.8619706227       29.6980530991	2.4962069757        0.7429022864
32.7096962762       41.9153403904	3.3584842423        0.9941284651
45.3806595917       60.9794535925	4.5141925841        1.3350562364
64.3178404052       93.8233445225	6.0722339966        1.8080475253
95.0214541298      160.8682489123	8.2004386149        2.4946869354
153.8131079680      345.7450460078	11.1954577499        3.5953762265
322.4111988656     1330.4173461724	15.7599752082        5.9020687783
	
Erange 100.0000 158.4893	
	
 0.1442641242        1.1625566529	0.0015934091        0.0041019305
 0.4455962130        1.2659127165	0.0085090495        0.0098090358
 0.7867389265        1.4838936355	0.0214381325        0.0162026542
 1.1990166749        1.8400398909	0.0413217924        0.0238266974
 1.7214055840        2.3725710049	0.0697620860        0.0334742014
 2.4047006583        3.1387350047	0.1093211047        0.0462892231
 3.3170752787        4.2217169463	0.1639189491        0.0638565714
 4.5517789824        5.7410335803	0.2393122306        0.0882787418
 6.2380239111        7.8679845970	0.3436660043        0.1222980202
 8.5566313768       10.8488705619	0.4882968915        0.1695231853
11.7629305743       15.0408968917	0.6887039383        0.2347790375
16.2211573457       20.9705794327	0.9660147447        0.3245925111
22.4583380664       29.4366484330	1.3490093267        0.4478790207
31.2545958197       41.7127745414	1.8769921238        0.6169920157
43.8107754357       60.0048373005	2.6040387411        0.8495175969
62.1055966131       88.6446141571	3.6057691429        1.1717832984
89.7947529229      137.7424356652	4.9914948533        1.6268516931
134.9745643082      236.9216058126	6.9299171690        2.2963863208
221.4521500231      507.7075717646	9.7177223945        3.3785361353
468.1988031284     1942.9876652214	14.0512612734        5.6511332871
	
Erange 158.4893 251.1886	
	
 0.1523871193        1.2290753072	0.0011390450        0.0029336694
 0.4723138842        1.3515333610	0.0060955201        0.0070451556
 0.8395718529        1.6115542262	0.0154192503        0.0117321498
 1.2921447814        2.0408878057	0.0299082652        0.0174722716
 1.8783954111        2.6916678506	0.0509493519        0.0249801406
 2.6629395089        3.6432266355	0.0808010692        0.0352990341
 3.7347133228        5.0130359092	0.1229612993        0.0498753281
 5.2184529843        6.9734098100	0.1826068734        0.0706377004
 7.2913406554        9.7767190779	0.2671428194        0.1001477693
10.2074706737       13.7937179164	0.3869559666        0.1418601866
14.3343133417       19.5729418802	0.5564845870        0.2004950504
20.2081010303       27.9361115105	0.7957234718        0.2825435405
28.6205601839       40.1411564906	1.1323289033        0.3969798598
40.7620102201       58.1898508948	1.6046003100        0.5563410075
58.4790922054       85.4950894157	2.2658640493        0.7785426625
84.8055146240      128.5901182659	3.1913896822        1.0903727562
125.2688527965      202.3706984176	4.4906275471        1.5353838262
191.8905473212      350.0167137274	6.3328134368        2.1954643645
319.5839586228      748.7012397157	9.0149431195        3.2678296963
682.2286414937     2849.2547084331	13.2306709449        5.5234111805
	
Erange 251.1886 398.1072	
	
 0.1601228422        1.2925883336	0.0008964304        0.0023096719
 0.4980176696        1.4353930735	0.0048051192        0.0055650997
 0.8913020409        1.7407096301	0.0121936516        0.0093269713
 1.3853146572        2.2502331460	0.0237702271        0.0140298315
 2.0391058152        3.0332406481	0.0407838827        0.0203348346
 2.9335059059        4.1968841771	0.0652933285        0.0292125912
 4.1825289365        5.9029343225	0.1005103312        0.0420091617
 5.9500467522        8.3938094523	0.1512136515        0.0605323710
 8.4746032449       12.0326809351	0.2242873430        0.0872222770
12.1067982116       17.3656106830	0.3294824759        0.1254275313
17.3662784853       25.2191754400	0.4805077191        0.1797882674
25.0299138018       36.8577222944	0.6965665705        0.2567550853
36.2713280073       54.2482983795	1.0045115923        0.3653220398
52.8904599258       80.5438096660	1.4418995293        0.5181328291
77.7186693777      121.0848617315	2.0614740828        0.7333190532
115.4249678330      185.8790092860	2.9381939984        1.0379927222
174.4394828747      297.1345838408	4.1815556891        1.4760781533
272.7651967250      518.1387632459	5.9611648673        2.1296885906
461.8753196156     1107.9000217962	8.5743268969        3.1955233525
996.7329397045     4192.5232373369	12.7131467808        5.4401334554
	
Erange 398.1072 630.9573	
	
 0.1674639042        1.3530187944	0.0005610726        0.0014468090
 0.5226588237        1.5172034625	0.0030184720        0.0035116704
 0.9417618153        1.8706686579	0.0077139213        0.0059696893
 1.4781223077        2.4668713715	0.0152066640        0.0091809356
 2.2027777250        3.3957148864	0.0265115695        0.0137085278
 3.2152738381        4.7985741830	0.0433359502        0.0203834591
 4.6593895400        6.8930970282	0.0683752104        0.0303625965
 6.7467507396       10.0125429643	0.1056856628        0.0452360196
 9.7928982538       14.6678096853	0.1612093855        0.0672262910
14.2730420615       21.6457961259	0.2435452043        0.0994809247
20.9092134404       32.1671834057	0.3650619735        0.1464691518
30.8082477879       48.1442543585	0.5434781501        0.2145280743
45.6841530199       72.6159330075	0.8040946724        0.3126410767
68.2270972828      110.5266094571	1.1829818386        0.4536033320
102.7495145884      170.2779090243	1.7316542057        0.6559174963
156.4372036433      267.3993126925	2.5243333830        0.9473055307
242.2269071424      435.4332084994	3.6704779200        1.3724504245
387.3009768202      767.7560519275	5.3403626576        2.0140282496
667.9583966251     1643.9427511161	7.8320446783        3.0680352453
1459.1166921510     6186.6566786109	11.8353304831        5.2935687064
	
Erange 630.9573 1000.0000	
	
 0.1744055755        1.4103098873	0.0004156027        0.0010723356
 0.5461945710        1.5966781900	0.0022418132        0.0026167012
 0.9907836836        2.0006811501	0.0057588985        0.0044949702
 1.5701323718        2.6893826585	0.0114471931        0.0070258282
 2.3685297636        3.7769652240	0.0201937708        0.0107143956
 3.5067861891        5.4459848539	0.0335073393        0.0163067312
 5.1634176361        7.9830055742	0.0537858550        0.0248485875
 7.6072911442       11.8363296706	0.0846696232        0.0378064355
11.2487838039       17.7092547357	0.1315592819        0.0572763850
16.7209465095       26.7117546403	0.2023856911        0.0862799247
25.0097425978       40.6098780198	0.3087265753        0.1291679767
37.6656120879       62.2421718554	0.4674017465        0.1921849155
57.1524810135       96.2320237752	0.7027456290        0.2842771588
87.4369735604      150.2601580017	1.0498697080        0.4182997388
135.0247978222      237.5343600835	1.5594566795        0.6129561237
210.9357218659      382.3672411677	2.3051800030        0.8963356884
335.0887765226      636.0786583590	3.3963892157        1.3136166868
548.8297074222     1137.5601908451	5.0037385568        1.9479025694
965.8928158069     2444.4756335483	7.4258328899        2.9949203773
2138.9833882009     9150.9040018702	11.3514236378        5.2096627614
	
Erange 1000.0000 1584.8932	
	
 0.1809456125        1.4644241052	0.0002313895        0.0005978420
 0.5685883929        1.6735385138	0.0012557355        0.0014767719
 1.0382033841        2.1299551734	0.0032646742        0.0025984483
 1.6608870261        2.9161605854	0.0066152594        0.0042131885
 2.5353741772        4.1743371912	0.0119877181        0.0067242773
 3.8062691357        6.1355746116	0.0205587755        0.0107286659
 5.6919670161        9.1696422430	0.0342247963        0.0170853686
 8.5287653630       13.8673807891	0.0559267900        0.0270540197
12.8417471879       21.1771109497	0.0901510566        0.0425071646
19.4601741543       32.6323755245	0.1436819764        0.0662263969
29.7076389728       50.7365403285	0.2267075213        0.1023197348
45.7194259761       79.6217668091	0.3544262627        0.1568189134
70.9800906456      126.2010745993	0.5493766308        0.2385451540
111.2524248257      202.2497473792	0.8448259409        0.3603978524
176.2356333712      328.4070956069	1.2897823200        0.5413913490
282.7157502276      542.8836147994	1.9567226023        0.8102669927
461.3704159513      925.1032646722	2.9546156217        1.2131602745
775.4692230652     1683.6347382398	4.4547286545        1.8341101331
1395.5364998561     3640.1968797433	6.7568053147        2.8686436013
3138.3057216464    13561.8619005399	10.5482558845        5.0649921231
	
Erange 1584.8932 2511.8864	
	
 0.1870840888        1.5153424010	0.0001641069        0.0004244011
 0.5898103071        1.7475188116	0.0008943561        0.0010572759
 1.0838630435        2.2576756093	0.0023447972        0.0018917250
 1.7499159418        3.1454480357	0.0048157511        0.0031445443
 2.7022372135        4.5846906991	0.0088884312        0.0051665275
 4.1116595543        6.8625694588	0.0155765098        0.0084795438
 6.2416284811       10.4472769871	0.0265296970        0.0138517864
 9.5065296334       16.1025695114	0.0443454032        0.0224395660
14.5677232782       25.0820920364	0.0730554063        0.0359963272
22.4938905301       39.4624455752	0.1188619979        0.0571680680
35.0323552342       62.7213539497	0.1912297396        0.0899177024
55.0745879604      100.7564598988	0.3044906683        0.1401397578
87.4672720594      163.7146360309	0.4801957345        0.2165572880
140.4525143573      269.3668506541	0.7505652387        0.3320580632
228.2964990598      449.6361840094	1.1636170435        0.5057921888
376.3294524379      764.4980001265	1.7910716091        0.7668399326
631.6633810568     1337.9263777143	2.7415868114        1.1618799561
1091.5209452566     2486.4236202855	4.1867092078        1.7755394744
2013.0813901917     5425.3443569498	6.4268615885        2.8033893736
4606.0607952045    20130.9171590642	10.1490122213        4.9903468977
	
Erange 2511.8864 3981.0717	
	
 0.1928232168        1.5630632346	0.0001285687        0.0003327412
 0.6098370695        1.8183716954	0.0007030265        0.0008345346
 1.1276142051        2.3830231149	0.0018556066        0.0015131489
 1.8367466956        3.3753784856	0.0038520806        0.0025641220
 2.8679828752        5.0044637785	0.0072119065        0.0043043087
 4.4206444543        7.6210128285	0.0128460331        0.0072081394
 6.8082670014       11.8073602310	0.0222490412        0.0119869143
10.5341518074       18.5327598829	0.0378016757        0.0197302601
16.4187154155       29.4233083223	0.0632460842        0.0321119534
25.8174303643       47.2367423815	0.1044083510        0.0516847785
40.9993521587       76.7097193348	0.1702784125        0.0823092471
65.8147465562      126.0947535462	0.2746109812        0.1297794545
106.8925450213      210.0022612630	0.4382883952        0.2027407217
175.8303757027      354.7879729555	0.6928091186        0.3140586398
293.3032339080      609.1643612723	1.0854928249        0.4829606978
497.0925219316     1066.7008822939	1.6875078197        0.7387477920
859.1265651137     1921.7934469415	2.6072590000        1.1284719745
1529.0748754355     3659.8280271676	4.0164561880        1.7371875880
2897.0214546319     8087.2246443426	6.2159994162        2.7605544548
6759.1319879846    29919.4892744140	9.8926638870        4.9413871443
	
Erange 3981.0717 6309.5734	
	
 0.1981671583        1.6076014693	0.0000799513        0.0002072595
 0.6286522669        1.8858724701	0.0004404801        0.0005277432
 1.1693205703        2.5051926051	0.0011804329        0.0009856825
 1.9209151364        3.6040207526	0.0025097287        0.0017405680
 3.0314389534        5.4297539382	0.0048453677        0.0030511859
 4.7307109473        8.4038685818	0.0089268200        0.0053131152
 7.3870906654       13.2385392300	0.0159901889        0.0091424956
11.6034394738       21.1423640357	0.0280527231        0.0155127984
18.3825596706       34.1863395494	0.0483635179        0.0259540846
29.4171592952       55.9641406401	0.0820972792        0.0428465752
47.6064716743       92.8029865388	0.1374079757        0.0698561346
77.9926642624      156.0251656718	0.2270158228        0.1125788629
129.4901260752      266.2603928890	0.3705833787        0.1794954999
218.1469213874      461.8759303693	0.5982657570        0.2834014651
373.4552321209      816.0270947133	0.9560512746        0.4436342657
651.0137298915     1473.2211791595	1.5140162499        0.6898770637
1159.6977452627     2738.2704298807	2.3800124106        1.0698728983
2129.7183469688     5362.5773290696	3.7259889280        1.6695145014
4155.7749437679    12048.0830435697	5.8537470724        2.6847452179
9911.8791560826    44510.1730343481	9.4499152648        4.8548107905
	
Erange 6309.5734 10000.0000	
	
 0.2031218247        1.6489871239	0.0000590672        0.0001533089
 0.6462462895        1.9498227797	0.0003272556        0.0003948029
 1.2088603412        2.6234105312	0.0008870655        0.0007536795
 2.0019752741        3.8294252117	0.0019193807        0.0013697121
 3.1914242010        5.8564135265	0.0037865947        0.0024700706
 5.0392046981        9.2031743743	0.0071366132        0.0044085541
 7.9727498478       14.7268081070	0.0130675309        0.0077497213
12.7045494317       23.9091876759	0.0234003283        0.0134012766
20.4428681407       39.3418008460	0.0411132237        0.0228093811
33.2696501242       65.6222352803	0.0710164793        0.0382511320
54.8306596527      111.0426168303	0.1207879404        0.0632731385
91.6202889949      190.8354951725	0.2025481367        0.1033460602
155.4239582565      333.5587144102	0.3352395393        0.1668399258
268.0705601158      593.9919939986	0.5482082740        0.2664906250
470.9344530707     1080.0646921477	0.8866215227        0.4216811064
844.6144597564     2011.9586154954	1.4198584985        0.6623068297
1552.0923073001     3865.3870725198	2.2553865435        1.0365236624
2946.1351627706     7811.5939316576	3.5652577795        1.6307550398
5937.0263493006    17923.1487447533	5.6518213614        2.6411851424
14517.4662087420    66260.1868631203	9.2017372708        4.8051033473
	
Erange 10000.0000 15848.9319	
	
 0.2076946712        1.6872640001	0.0000328224        0.0000854354
 0.6626161815        2.0100533533	0.0001842802        0.0002259442
 1.2461280931        2.7369503545	0.0005131298        0.0004534408
 2.0795083155        4.0496694905	0.0011553396        0.0008756623
 3.3467754797        6.2801546405	0.0023871523        0.0016695331
 5.3433942907       10.0102391012	0.0047123234        0.0031234055
 8.5594629906       16.2557923642	0.0090106836        0.0057177071
13.8261791453       26.8046065280	0.0167877455        0.0102484381
22.5791771414       44.8445862435	0.0305777353        0.0180155533
37.3412855416       76.1530394782	0.0545820242        0.0311124892
62.6253786422      131.3951245205	0.0956682634        0.0528682739
106.6593566271      230.6689569376	0.1649179423        0.0885173771
184.7598316401      412.7265489281	0.2800025693        0.1462102027
326.1043517778      754.2327131299	0.4688114689        0.2385443005
587.7367836345     1411.4050443838	0.7749976991        0.3849458197
1084.6044612970     2714.3369536829	1.2666117185        0.6156579968
2057.4542275426     5398.7747422244	2.0503316328        0.9795718925
4043.2257409287    11296.2739081142	3.2983146221        1.5641128248
8438.5018744404    26598.5871477157	5.3139000783        2.5660251129
21224.7065868862    98675.2596644242	8.7840079257        4.7193983133
	
Erange 15848.9319 25118.8643	
	
 0.2118944881        1.7224882151	0.0000232962        0.0000607636
 0.6777653755        2.0664258158	0.0001320560        0.0001637936
 1.2810361314        2.8451457464	0.0003748400        0.0003401749
 2.1531305367        4.2629017528	0.0008670180        0.0006823060
 3.4963737517        6.6966585684	0.0018448087        0.0013438522
 5.6405385689       10.8158749540	0.0037452034        0.0025827357
 9.1411634613       17.8071584755	0.0073459255        0.0048383067
14.9558347768       29.7940927180	0.0140019747        0.0088501159
24.7673122843       50.6339368968	0.0260313283        0.0158425745
41.5883781119       87.4603105519	0.0473329996        0.0278122580
70.9190515026      153.7393936631	0.0843648984        0.0479708046
123.0135055190      275.4809166516	0.1476735912        0.0814215631
217.4378631837      504.2257613862	0.2542643419        0.1361875066
392.5043637360      945.0945458288	0.4312479421        0.2247763824
725.4566036406     1819.6784902972	0.7214499968        0.3666172695
1377.3858251100     3613.8404158607	1.1921724791        0.5921206829
2698.5005149519     7450.8619346545	1.9496202227        0.9505653584
5498.1793789442    16191.3024590237	3.1659629224        1.5299354640
11919.2274466994    39331.4313807174	5.1450686884        2.5273395599
30954.5853401832   146958.1678729612	8.5740952572        4.6753131195
	
Erange 25118.8643 39810.7171	
	
 0.2157311928        1.7547266664	0.0000182769        0.0000477511
 0.6917033227        2.1188335707	0.0001044173        0.0001307253
 1.3135153140        2.9474011823	0.0003010010        0.0002788397
 2.2224997541        4.4673798811	0.0007108478        0.0005749659
 3.6391678673        7.1016845273	0.0015457136        0.0011586413
 5.9279538183       11.6106520879	0.0032018186        0.0022690307
 9.7116603530       19.3611291677	0.0063939724        0.0043194162
16.0801643167       32.8380819765	0.0123832469        0.0080129211
26.9799656029       56.6344216470	0.0233510010        0.0145246256
45.9578633431       99.4089799085	0.0430030600        0.0257871125
79.6148348808      177.8580410913	0.0775327409        0.0449334653
140.5229466081      325.0009305961	0.1371376079        0.0769779065
253.2482417409      608.0208614767	0.2383837172        0.1298547686
467.1956448831     1168.0825768548	0.4078629678        0.2160059583
885.0332490379     2312.9551753314	0.6878424945        0.3548547440
1728.3725045964     4743.5139603818	1.1451105981        0.5769157833
3497.9973576083    10146.9336531702	1.8855365450        0.9317238562
7398.7092173577    22963.7471421176	3.0812809654        1.5076443958
16709.1981473138    57868.7407922740	5.0365633935        2.5020534640
45000.1876082966   218807.0549080154	8.4387360358        4.6465070166
	
Erange 39810.7171 63095.7344	
	
 0.2192156233        1.7840554543	0.0000114207        0.0000299538
 0.7044450277        2.1672017936	0.0000664484        0.0000849805
 1.3435153426        3.0431997238	0.0001983647        0.0001920012
 2.2873202215        4.6615051350	0.0004896803        0.0004182489
 3.7741952347        7.4911725652	0.0011125752        0.0008805842
 6.2030776480       12.3851622253	0.0023972204        0.0017872348
10.2648049507       20.8970761582	0.0049552117        0.0035071677
17.1853387712       35.8931427593	0.0098911928        0.0066805597
29.1874616125       62.7578400810	0.0191558186        0.0123961398
50.3885749124      111.8270113031	0.0361245234        0.0224730181
88.5919327987      203.4343504082	0.0665327103        0.0399030113
158.9626621455      378.7052945180	0.1199669754        0.0695373455
291.8135198097      723.4608508979	0.2122156002        0.1191442988
549.6947815602     1423.2953536606	0.3689404122        0.2010359691
1066.4779436918     2896.4421808784	0.6313936825        0.3346096647
2141.1398124295     6132.2941136197	1.0654133066        0.5505516805
4476.4416182980    13616.7390411918	1.7762262715        0.8988505091
9838.4739747345    32167.8374874782	2.9359411355        1.4685722300
23213.6868804435    84572.7801632387	4.8494042233        2.4576216714
65151.4009423845   325563.0527595172	8.2043854282        4.5959065481
	
Erange 63095.7344 100000.0000	
	
 0.2223593365        1.8105582658	0.0000084767        0.0000222993
 0.7160104959        2.2114865725	0.0000500243        0.0000650137
 1.3710045231        3.1321078624	0.0001532756        0.0001529421
 2.3473458260        4.8438490916	0.0003901826        0.0003451303
 3.9005985662        7.8613357514	0.0009124208        0.0007467652
 6.4635265029       13.1302765317	0.0020157838        0.0015495513
10.7946537888       22.3941547526	0.0042573084        0.0030981153
18.2574594876       38.9133790227	0.0086575991        0.0059975238
31.3586705358       68.9059682837	0.0170415534        0.0112877050
54.8130551725      124.5097889788	0.0326021220        0.0207227873
97.7085253614      230.0558926678	0.0608186689        0.0372125395
178.0448715187      435.8050666590	0.1109321285        0.0655119435
332.5806718161      849.1897786473	0.1982855746        0.1132889636
639.0498109294     1709.0334767783	0.3480019225        0.1927736341
1268.6102343011     3571.0399146647	0.6007372975        0.3233390658
2616.4570021816     7800.2118464843	1.0217613929        0.5357619931
5648.9132599210    17980.5032206822	1.7159047522        0.8802904393
12908.6561876516    44418.5182888584	2.8552241414        1.4464064256
31906.1282358775   122519.8051752950	4.7449266064        2.4323501050
93839.3524028719   483827.3937746807	8.0730633722        4.5671350238
	
Erange 100000.0000 158489.3192	
	
 0.2251743999        1.8343246662	0.0000047716        0.0000126471
 0.7264240746        2.2516731580	0.0000291669        0.0000393709
 1.3959689571        3.2137772157	0.0000948821        0.0001008859
 2.4023813889        5.0131726351	0.0002575983        0.0002436690
 4.0176378206        8.2087366594	0.0006375728        0.0005550199
 6.7071435316       13.8373818285	0.0014774230        0.0012002171
11.2956181342       23.8319374199	0.0032482763        0.0024840318
19.2829645041       41.8519682742	0.0068361739        0.0049532035
33.4620068304       74.9739658411	0.0138616548        0.0095655043
59.1597882891      137.2268452893	0.0272171465        0.0179642000
106.8062028982      257.2252472509	0.0519550945        0.0329171066
197.4260723575      495.2532945059	0.0967332163        0.0590100020
374.8254450248      983.1026952454	0.1761345744        0.1037306467
733.8084918312     2021.4905118242	0.3143509033        0.1791555654
1488.8412766093     4331.9240700358	0.5509942723        0.3046001282
3151.3012801672     9752.7729077875	0.9503220681        0.5109813070
7021.2225013706    23328.8365991932	1.6164370030        0.8489890873
16684.8802704718    60333.5404765398	2.7212676107        1.4088411498
43300.9079401097   175509.4457887851	4.5706387058        2.3894074218
134281.1640485176   717661.3066997842	7.8531535379        4.5182579007
	
Erange 158489.3192 251188.6431	
	
 0.2276731531        1.8554480772	0.0000022625        0.0000060887
 0.7357135961        2.2877730071	0.0000148040        0.0000213307
 1.4184109540        3.2879423569	0.0000531416        0.0000617488
 2.4522815400        5.1684348197	0.0001580406        0.0001625194
 4.1246957885        8.5303413133	0.0004211476        0.0003943891
 6.9320321469       14.4985748534	0.0010356368        0.0008967339
11.7625864133       25.1909907444	0.0023906096        0.0019342164
20.2489974853       44.6626956914	0.0052406080        0.0039937428
35.4664224984       80.8541324864	0.0110023814        0.0079472655
63.3556550024      149.7303458687	0.0222631672        0.0153201568
115.7155366166      284.3771591099	0.0436345264        0.0287264724
216.7182690952      555.7725939956	0.0831622337        0.0525648940
417.6699249888     1122.3591050745	0.1546194098        0.0941185062
832.0233789254     2354.5842843688	0.2811894896        0.1652810055
1723.0429280637     5167.3682189872	0.5013340157        0.2852822627
3737.9899273932    11975.1276749389	0.8781701413        0.4851674727
8585.6829463727    29697.2205526841	1.5149498826        0.8160949154
21209.2582814594    80434.9681406833	2.5834053603        1.3691026877
57895.2187285435   247880.2572729688	4.3900204684        2.3438153680
190575.9542994310  1061377.3701391425	7.6240878926        4.4663805343
	
Erange 251188.6431 398107.1705	
	
 0.2298678597        1.8740227888	0.0000022625        0.0000060887
 0.7439090418        2.3198185455	0.0000148040        0.0000213307
 1.4383459843        3.3544124939	0.0000531416        0.0000617488
 2.4969455846        5.3087862117	0.0001580406        0.0001625194
 4.2212735432        8.8235371369	0.0004211476        0.0003943891
 7.1365659265       15.1067801682	0.0010356368        0.0008967339
12.1909959596       26.4533078408	0.0023906096        0.0019342164
21.1436795177       47.3012641772	0.0052406080        0.0039937428
37.3422469292       86.4394844615	0.0110023814        0.0079472655
67.3282548830      161.7641376398	0.0222631672        0.0153201568
124.2619949335      310.8997465327	0.0436345264        0.0287264724
235.5028377060      615.8995691106	0.0831622337        0.0525648940
460.1111606215     1263.4545317981	0.1546194098        0.0941185062
931.2948626365     2699.9643658061	0.2811894896        0.1652810055
1965.5289986359     6058.0123696192	0.5013340157        0.2852822627
4363.5712881704    14426.8595635550	0.8781701413        0.4851674727
10317.0222044886    37037.2542134509	1.5149498826        0.8160949154
26468.3105157871   105005.7060808747	2.5834053603        1.3691026877
76068.5446535263   343982.0179845195	4.3900204684        2.3438153680
267643.9979562706  1562532.2697360972	7.6240878926        4.4663805343
	
Erange 398107.1705 630957.3445	
	
 0.2317700485        1.8901383040	0.0000013068        0.0000035817
 0.7510399738        2.3478526994	0.0000092123        0.0000141013
 1.4557963304        3.4130507260	0.0000360778        0.0000447895
 2.5363041240        5.4335327720	0.0001150074        0.0001251609
 4.3069661358        9.0860833635	0.0003229427        0.0003171747
 7.3193529224       15.6557189003	0.0008269998        0.0007458651
12.5768033974       27.6024247851	0.0019719812        0.0016532481
21.9561647682       49.7259706082	0.0044399426        0.0034918770
39.0615903087       91.6261655078	0.0095332912        0.0070836487
71.0074199013      173.0710067948	0.0196653009        0.0138841188
132.2706017145      336.1542795786	0.0391925682        0.0264148763
253.3433260375      674.0340513196	0.0758021571        0.0489601819
501.0528595442     1402.3274200607	0.1427861482        0.0886752669
1028.8375988339     3047.1702882761	0.2627211152        0.1573355033
2209.1352589877     6976.6463804558	0.4733660643        0.2741076348
5009.5351776990    17038.0757572018	0.8371294493        0.4701017642
12168.9085083659    45187.7594545697	1.4567190606        0.7967523129
32368.3192919116   133903.8127551690	2.5037186827        1.3456029417
97929.7373340389   467119.6897887355	4.2850029315        2.3167694969
370783.5181135248  2283508.9280953282	7.4903245078        4.4356123680
	
Erange 630957.3445 1000000.0000	
	
 0.2333890581        1.9038668825	0.0000013068        0.0000035817
 0.7571298941        2.3719058642	0.0000092123        0.0000141013
 1.4707768561        3.4637251527	0.0000360778        0.0000447895
 2.5702868743        5.5420357639	0.0001150074        0.0001251609
 4.3813948677        9.3159181509	0.0003229427        0.0003171747
 7.4791018389       16.1395608816	0.0008269998        0.0007458651
12.9162367883       28.6228452427	0.0019719812        0.0016532481
22.6762170794       51.8968873287	0.0044399426        0.0034918770
40.5977088756       96.3126763408	0.0095332912        0.0070836487
74.3245147117      183.3933281380	0.0196653009        0.0138841188
139.5659947180      359.4818324890	0.0391925682        0.0264148763
269.7891243878      728.4645906908	0.0758021571        0.0489601819
539.3206047916     1534.4324091954	0.1427861482        0.0886752669
1121.5237110030     3383.7821446891	0.2627211152        0.1573355033
2445.2937614702     7888.1966332195	0.4733660643        0.2741076348
5651.6498426974    19706.4845945044	0.8371294493        0.4701017642
14070.9556048806    53847.0250745351	1.4567190606        0.7967523129
38708.8487085599   166339.2716123533	2.5037186827        1.3456029417
123101.4060453321   617756.1685943529	4.2850029315        2.3167694969
504378.9856062495  3296673.8042060155	7.4903245078        4.4356123680
	
Erange 1000000.0000 1584893.1924	
	
 0.2347285957        1.9152341793	0.0000007720        0.0000021752
 0.7621830166        2.3919422432	0.0000060119        0.0000098369
 1.4832616217        3.5061929469	0.0000258331        0.0000340912
 2.5987456511        5.6334625700	0.0000879344        0.0001005162
 4.4440379287        9.5106373965	0.0002587988        0.0002646118
 7.6142619846       16.5518580831	0.0006866221        0.0006406344
13.2050488512       29.4978909941	0.0016834805        0.0014533580
23.2926888778       53.7715790248	0.0038771043        0.0031288695
41.9219491610      100.3914205460	0.0084831377        0.0064500757
77.2063667506      192.4565255718	0.0177813926        0.0128175787
145.9604846722      380.1711652710	0.0359308996        0.0246794248
284.3521315888      777.3060073008	0.0703381718        0.0462278443
573.6160193172     1654.6142539137	0.1339156864        0.0845138015
1205.7881901886     3695.1247042311	0.2487567962        0.1512140034
2663.7999676440     8748.7403366952	0.4520556566        0.2654385758
6259.1271414639    22292.3724563474	0.8056441782        0.4583425051
15924.1531545631    62538.6819686706	1.4117790557        0.7815767478
45149.3493909428   200593.3984531782	2.4419091287        1.3270937794
150414.3665115355   790662.5008650041	4.2032164329        2.2954209096
668780.8356768836  4659301.9175803484	7.3858439067        4.4113283121
	
Erange 1584893.1924 2511886.4315	
	
 0.2357781093        1.9241457710	0.0000005767        0.0000016610
 0.7661512933        2.4077268739	0.0000048180        0.0000082007
 1.4931009697        3.5398126196	0.0000218483        0.0000297676
 2.6212624135        5.7061595924	0.0000770173        0.0000902363
 4.4938030010        9.6661502816	0.0002322171        0.0002421982
 7.7220944271       16.8826921810	0.0006272141        0.0005949966
13.4365262359       30.2036638403	0.0015593312        0.0013654768
23.7892781833       55.2922649295	0.0036315703        0.0029674570
42.9946916657      103.7211376771	0.0080197500        0.0061656364
79.5557900186      199.9089723711	0.0169419692        0.0123347765
151.2116028383      397.3249114941	0.0344652936        0.0238881048
296.4123436206      818.1927571336	0.0678648367        0.0449739613
602.3006519149     1756.3760404356	0.1298742326        0.0825931422
1277.1126677260     3962.4113638621	0.2423578275        0.1483742178
2851.4940846228     9500.3138209002	0.4422403880        0.2613984948
6790.8481282794    24601.4970318460	0.7910767630        0.4528400844
17587.6782023219    70538.3054097922	1.3909042818        0.7744514766
51145.1440396751   233559.8695022533	2.4131024952        1.3183808152
177408.3707822431   970238.0468563093	4.1649978908        2.2853567611
853251.1431539041  6333885.2743592681	7.3369257166        4.3998810404
	
Erange 2511886.4315 10000000000000000000000.0	
	
 0.2364886282        1.9301816263	0.0000004739        0.0000013899
 0.7688424305        2.4184564002	0.0000041797        0.0000073099
 1.4997911926        3.5627476973	0.0000196624        0.0000273440
 2.6366169929        5.7559139938	0.0000709050        0.0000843748
 4.5278405268        9.7729317649	0.0002171103        0.0002292659
 7.7960805593       17.1106484464	0.0005930677        0.0005684252
13.5958884158       30.6918240292	0.0014873346        0.0013139379
24.1324404317       56.3485340932	0.0034881447        0.0028722257
43.7391054270      106.0449611467	0.0077474283        0.0059969687
81.1938734624      205.1381301702	0.0164461240        0.0120472329
154.8927412343      409.4358251046	0.0335957282        0.0234150218
304.9202507756      847.2686348259	0.0663917017        0.0442218217
622.6876258795     1829.3649688630	0.1274589332        0.0814375938
1328.2630126330     4156.1314670872	0.2385220942        0.1466611121
2987.6096163208    10052.1812491265	0.4363411083        0.2589554749
7182.0308525608    26326.1067284881	0.7823006220        0.4495057696
18835.5904803495    76654.5060782488	1.3783023844        0.7701260581
55773.4795370985   259667.8790071364	2.3956819729        1.3130844345
199279.3568580006  1121554.1995775967	4.1418535709        2.2792343943
1020562.8243189778  7981755.3419420300	7.3072720455        4.3929174810
