# Published in J. Chem. Theory Comput. 2021, 17, 3, 1662-1677	
#  Minimax grids with 28 points, for different energy ranges (Erange)	
# Grid-points: 28.  N Eranges: 29	
	
# Column1: Frequency    column2: weight	# Column3: Time    column4: weight
	
Erange 0.0000 1545.0	
	
0.13575757270404953            0.27326920724684195              	0.00019912749139307142        0.0005125044577801448              
0.4178973639556045             0.2946860969732406             	0.0010623606743332262         0.0012232237231645984             
0.7329236428021971             0.33955686148055997             	0.002671743519332409          0.00201318827111783            
1.1062108040376035             0.4121109865279064             	0.00513532276440788           0.0029437832219448537           
1.568601536611355              0.5191386834268464            	0.008635195625198482          0.004103311596300065            
2.1592688100674207             0.6706479068869163             	0.013459847519256876          0.005618171589079525            
2.9294121393197234             0.8808905660301858             	0.020047630847673463          0.007663188401742024            
3.9472075381811034             1.1698656397567786             	0.029039389901087887          0.010469929287815255            
5.304565115169143              1.5654653694813896            	0.04134031090156478           0.01433805703894519           
7.126455157872397              2.106516824061551            	        0.05819756722342521           0.01965640843594298           
9.58387216560659               2.847090389745759           	        0.0813050912035362            0.026936172517646257          
12.911957380816203             3.8626161289484946             	0.11294734291964816           0.036855644579373535           
17.435457004483258             5.258596350357734             	0.156193889583069             0.05031748334107659         
23.60465355900629              7.183071722294598            	        0.21515890144425773           0.06852207829804384           
32.04632634372974              9.844561359899942              	0.2953443526600425            0.09306268185731213          
43.63642652454945              13.538086075854713            	0.4040922882505582            0.12604985461633972          
59.604434449969176             18.68336222220931             	0.5511803231110346            0.1702755103243793          
81.68464372636545              25.881909474247266            	0.7496069714265129            0.22943160937864643          
112.33867792077912             36.00509685683712             	1.016632455219541             0.30840755489079047         
155.0906277872644              50.336922172287224            	1.3751727396754474            0.4137086894086003          
215.05233203699643             70.82460332971439             	1.8557042554346754            0.5540782272946391          
299.80262448398395             100.57024668126095             	2.4989586763196456            0.741497238773558          
421.01528178406727             144.9365352509728             	3.3599578911008456            0.9929644420040254          
597.918699882043               214.43007706895824            	4.514593597566258             1.3340651862992305         
865.992956895906               333.52874619054023            	6.071708534726409             1.8071782497597113         
1303.7011000121163             573.9031161499247             	8.199087984832916             2.4938998954135005         
2141.5524242895876             1229.5973040920514             	11.19334614657497             3.5946345041711467         
4531.217316508373              4703.444164101694             	15.75712024734422             5.901304226915114         
	
Erange 1545.0 2002.0	
	
0.13875490228933057            0.27938451496965105              	0.00015937273545708875        0.00041027809665924954     
0.4276255171652803             0.3022942729129253             	0.0008511031358508971         0.0009811723452880425    
0.7517156037290086             0.3504019114933159             	0.0021444475784000504         0.001620915236450962    
1.1383835985980468             0.42846797473594944             	0.004133806965295614          0.0023840944111134044   
1.6211543280535077             0.5441638095088057             	0.006979927658415096          0.0033503311465523967   
2.24298954813131               0.7088566053659555            	0.010939953042854741          0.004634503191430588   
3.0605574074054775             0.9388406258537662             	0.016407375175241108          0.006395709602901231   
4.150010628234262              1.2571515140355833            	0.02396000912675003           0.008844913900028784  
5.614955400623468              1.696177262039284             	0.034417229669099075          0.012257024616981905   
7.597559757812928              2.3013920551824687            	0.04891406525328216           0.016993101307172367  
10.294150717899024             3.1366969256786756             	0.06900316741446434           0.02353379728419698  
13.977239772443514             4.292078154026608             	0.09679560984224389           0.03252363542798268  
19.02678365968016              5.894629362616917             	0.13515199610246875           0.04482787026200198  
25.97476748389089              8.124486230083422             	0.18793838914519878           0.06160612640371776  
35.56910288047172              11.237991762535799            	0.2603666777263224            0.08440876245542936 
48.86570866761254              15.601617466229358            	0.3594458206099125            0.11530375228655552 
67.36207051671413              21.74214403705774             	0.494579482258333             0.15704466612137769
93.19263977809487              30.42206941171729             	0.6783583159834518            0.21329510792248377 
129.41834545397384             42.75588434748671             	0.927614454599119             0.28893382637364007
180.464373940652               60.397316412895705            	1.2648378420472655            0.39048261973383075 
252.8054276668391              85.86308174160227             	1.7201130600602677            0.5267381633327601 
356.10337604440286             123.15573491240343             	2.3338552489887388            0.7097795124230211 
505.2839065614399              179.14126278900252            	3.1608903963862245            0.9567475153369529 
724.884011732378               267.1160865820656             	4.2770721150582895            1.2933958092367415 
1059.8824174872211             417.7474719630637             	5.7913663447139845            1.762243934642854 
1608.9472923295727             720.4456660885186             	7.871758093638662             2.4448656022179347
2660.4222496990938             1542.1360738637661             	10.814809416909151            3.5410603027618426 
5652.953965854954              5884.200372654236             	15.321476179970999            5.839188641520334 
	
Erange 2002.0 2600.0	
	
0.14170133198228974            0.28540132117732764              	0.00012724350537371705        0.00032764611790808316             
0.4372217263238123             0.30984707978323456             	0.0006802420548887551         0.0007852281095230586            
0.7703667410153948             0.36129794839002666             	0.0017174005833444652         0.001302499732766977            
1.170561871979771              0.44508976371473236            	0.0033210405572595314         0.001927928018050743            
1.6741573415215183             0.5698536211227944             	0.005632832416553322          0.0027331746862386277           
2.328150315477383              0.7484481979075869            	0.008881578544535886          0.0038223319490506384           
3.1950959957750866             0.9994281881329805             	0.013419698685145537          0.005339653436386936           
4.359823742790623              1.349221631283907             	0.019766846961404197          0.0074768267093066575           
5.938793138824031              1.8352885387908624            	0.028663060595610065          0.010485860861582824           
8.093266245009781              2.5106794264046326            	0.041139669406250204          0.01470204224626301           
11.047988350138315             3.4506197143865025             	0.058618369068556976          0.020577182689456824           
15.117836905873796             4.7620484853517535             	0.08304861028830621           0.028723198501018832          
20.74603727817547              6.597491611853674             	0.11709467333563459           0.03996852241361688          
28.559241927240333             9.175333108649932             	0.16438742365500805           0.05543195597157087          
39.447320753058946             12.809599627131021             	0.2298611471707931            0.07662014166796133         
54.67958659957536              17.954022803045103            	0.32020292243210463           0.10555670439639143          
76.07517146731833              25.267822915246338            	0.44445136041510835           0.14495398753342661          
106.25479226978082             35.715254750483545             	0.6147946527884036            0.1984431170697882         
149.01700315289193             50.719550256407835             	0.8476375115705392            0.27088687577758624         
209.91049251369597             72.40992923579321             	1.1650387509190727            0.36881736713632424         
297.1309477297457              104.04357266683634            	1.5966797391113152            0.501078546468407         
423.00157872210633             150.80209138086602             	2.1826420752053064            0.6798426309902373         
606.6410313436483              221.51983619636096            	2.9775354931417777            0.9223911021644032         
879.4603870251076              333.11222703164094            	4.057156308900191             1.2546500752337444        
1298.7028908996313             524.1575321727823             	5.530582551166736             1.719292335657813        
1988.89250689582               906.5045080905089             	7.5660060038749855            2.3978939243834243         
3311.7439315777756             1939.0883159241562             	10.45997985096501             3.489702010303218        
7068.809688414042              7379.912745615771             	14.911921279047414            5.779704886427998         
	
Erange 2600.0 3300.0	
	
0.1443213439813841             0.29075611057246903             	0.0001035812061619439         0.000266779348158189  
0.4457831750819166             0.3166261585220409             	0.000554312958948722          0.0006406783010995833             
0.7871040955754438             0.3711885602570686             	0.0014022178351092648         0.0010669475657666657              
1.199649305615617              0.46033854458071854             	0.0027199186238307522         0.0015890577230093321              
1.7224480814853638             0.5936453499685163             	0.004633626332072742          0.0022720547662622424             
2.406363780432981              0.7854359258485714             	0.007348901862042884          0.003210897076964011             
3.3196484980978123             1.0565085213633747             	0.011184100569752935          0.004537212534376952             
4.555610260714856              1.436688222670177             	0.016610348266822107          0.006426464787961385             
6.243390548485977              1.968561659570244             	0.02430141997172798           0.009111540381231737            
8.563273777666188              2.712912087952586             	0.03520198814732897           0.012906037854636046            
11.768595390094813             3.7566401596502166             	0.05062394356636958           0.018237038812244945            
16.217282570542377             5.224345933312585             	0.0723803681708885            0.025687953276114096           
22.41751110034019              7.295336462823744             	0.10296857818003698           0.036054499502532374            
31.094143991937496             10.228723138518374             	0.14581768397450023           0.05041868971863853            
43.28592662828489              14.400665352704436             	0.2056217187942231            0.070247180509793           
60.4884812383459               20.36000930380217             	0.28878665461351954           0.0975222869562315            
84.86601967785074              28.912119534169648             	0.4040292970175386            0.134916933126155           
119.56722092591784             41.246715659956386             	0.5631795391897031            0.1860296678962944           
169.20143472321413             59.136507003494074             	0.7822574690472879            0.2557045471811927           
240.5679228390866              85.2557783449816              	1.0829291748663241            0.3504778528812439           
343.80218836354004             123.72029659330352             	1.4945032140919154            0.4792309189974202           
494.2629646656425              181.09033026269378             	2.056746330708999             0.6542157222577841          
715.8986735090695              268.50693202646386             	2.8240560994099004            0.8928389893219679           
1048.0827251136477             407.097383174319              	3.87216062398999              1.2211855078507017         
1562.2463425593953             644.5187891323013             	5.31022885971396              1.6820762830637361         
2412.584383401865              1118.0760747835973             	7.306643557351196             2.357109509558417          
4044.261841910583              2390.794104288915             	10.157983272563953            3.4450757129111187           
8670.083651639381              9077.664025334678             	14.562388075641433            5.728067480861656           
	
Erange 3300.0 4000.0	
	
0.14638817647917096            0.2949833929923809              	8.771437194659891e-05         0.0002259584596775983             
0.4525562304919969             0.3220167305947149             	0.00046981282949284237        0.0005436014065931008              
0.8004113661058508             0.37912854664712514             	0.0011904567715385075         0.0009083522994476501             
1.2229192620590597             0.4726893344740349             	0.0023152670914235655         0.001360022022949313             
1.7613392882634402             0.6130690229748341             	0.003959200577898668          0.0019587330256291995            
2.46978131492719               0.815855353412895             	0.006310722793342447          0.0027925453027995255            
3.4213217718648257             1.103786627022251             	0.009662905002781183          0.003983542841235872            
4.716508123125715              1.5096476978683913            	0.01445070779560698           0.005695043198214815           
6.495398953009317              2.0805275568641997            	0.021298505075191456          0.008145671980235551            
8.954788755571927              2.8840571372482406            	0.031086296591640365          0.011632693203529134            
12.373034589954802             4.0175653372807405             	0.04504371996352949           0.01656425108725137           
17.14606176978465              5.6215679248366985            	0.06488109904164477           0.023501595060412054           
23.83987749306696              7.899729561825618             	0.09296905461591826           0.03321470050609412           
33.26757985490672              11.148556975090484            	0.13258247030343728           0.04675631004359308           
46.60291342057746              15.801822722811611            	0.1882303453180191            0.06556089291033432          
65.54869201567364              22.49747280636011             	0.26610050569058297           0.09157703564672734           
92.58820799313293              32.179229771450665            	0.3746580755427752            0.1274448334217016          
131.36337282507247             46.2526111584764              	0.5254504247939676            0.17673475828550625          
187.24910181582314             66.82858029050779             	0.7341916622638109            0.2442731132825866          
268.2384452991122              97.11489993975235             	1.0222323068269783            0.33659611474367285          
386.33916361080026             142.07650817080304             	1.418577696146867             0.4626113339076691         
559.8711155854782              209.6486242985047             	1.9627342158223895            0.6346313704421029          
817.5377393277938              313.28112229681227            	2.7089187483169885            0.8701615672163753          
1206.597963677244              478.2993974050695             	3.732793667761796             1.1954150913540855         
1812.5358477762866             761.3056079394062             	5.14359311285564              1.6533375661453558        
2818.7486911520996             1324.411398249371             	7.109854244554064             2.325557793916785         
4751.872883766852              2831.738972704671             	9.928196448146211             3.410528405591019         
10224.75043407236              10731.431828374814            	14.295810062691444            5.688122811462863          
	
Erange 4000.0 5000.0	
	
0.14873276811274175            0.29978212482122407              	7.231152188478278e-05         0.00018632498066864197          
0.4602604435552678             0.3281783565393207             	0.00038772726865815517        0.00044921855213653585           
0.8156202251610892             0.38828614617008406             	0.0009844837786035514         0.0007537638296544074          
1.2496712569060364             0.4870536747556686             	0.0019209126836657545         0.0011359077842782092          
1.8063333929867138             0.6358284060736311             	0.003300157154162172          0.0016504930186307747         
2.5436216992100222             0.8517463850003115             	0.005292557663606624          0.002378087896208448         
3.5404623300065525             1.159944468384693             	0.008164163748376724          0.0034304274436559386         
4.906249870587573              1.5968934307453053             	0.012311171926660728          0.004957778020056624         
6.794488603605298              2.2153322272555918             	0.018304991861179568          0.007163453510160269         
9.422467064090277              3.0915535322808045             	0.026956176212698496          0.010326973559848835         
13.09985016154952              4.336186457224601             	0.03940566382368068           0.0148355888498722        
18.270496883841385             6.110220047392288             	0.057252298754729467          0.02122577871325675         
25.573981534747755             8.648930492647603             	0.08272831849932695           0.030238442499465622        
35.93662127761815              12.297804765083454             	0.11893897414817305           0.04289294382786412        
50.706943480264954             17.566800104918254             	0.17018831821850053           0.06058666241299866        
71.85851387250909              25.212855803295792             	0.2424208413642749            0.08522882557656473       
102.29562759788192             36.36638248551193             	0.34381888188337045           0.11942055225842414        
146.31752861965646             52.727201300860486             	0.48560994949960345           0.16669801861501937        
210.33006795552657             76.87269143077049             	0.68315888981334              0.23186426244014152     
303.95126003728876             112.75446596355195             	0.9574526915358277            0.32145183283272727       
441.76539937885485             166.53426131891115             	1.3371435383436294            0.44439450297432675       
646.211368042272               248.1027496502268             	1.8614300851160115            0.6130709874752484       
952.6710416909058              374.209851157723              	2.5843101667934096            0.8450980113616935       
1419.5536773254755             576.1670830958                	3.5813587287033566            1.1668375144951064       
2152.239930114691              923.1971063861915             	4.961876490500659             1.621384532244084      
3375.245128381901              1612.0060664213056             	6.894579341534884             2.290416624110755      
5728.981212116223              3447.1144071775916             	9.676154843478928             3.3720270933942214      
12382.677743050794             13034.665823606138             	14.002777296643712            5.643641293866133       
	
Erange 5000.0 5800.0	
	
0.1502608626762777             0.30291165139633314             	6.358752692633583e-05         0.00016387366227471576                
0.46529381929136415            0.33222125521586104             	0.0003412046362365837         0.0003956833555057065                
0.8255984287192656             0.39434230166254536            	0.0008676052314903817         0.0006658661861317086                
1.2673137696821588             0.49662265274183637            	0.001696724618707933          0.0010080085317879625               
1.836171369209371              0.6510887543947779            	0.0029245257586060763         0.0014736812958346364                
2.5928648745864002             0.8759576781503452            	0.004710233349785592          0.002138763598196897               
3.620360959868694              1.1980509194264035            	0.007303215812339811          0.00310853235933617               
5.03420711947541               1.65644466400815              	0.011075692416141687          0.004525172218371909               
6.997322718003583              2.3078985102205145            	0.016566304596355927          0.006582500342505047               
9.741445894989209              3.2349123916804046            	0.024542556688053108          0.0095488999069641               
13.598470784165613             4.557716389303409              	0.03609017098515814           0.013798331312490912              
19.046535582715773             6.452190401185147             	0.05273820097743335           0.01985134913295637              
26.77821561373657              9.17678285087093              	0.07663171929303365           0.028429999006008653              
37.802020863101404             13.11317617239606             	0.11076846568614528           0.04053182527263095              
53.59437014367614              18.828100900733247            	0.15932179622752599           0.05752974961085405              
76.32857147441665              27.16794809144496             	0.22808006029257497           0.08130676932209915              
109.22216155171537             39.40475025321865             	0.32504298834606              0.11443765763930915           
157.0678149109126              57.46370759694749             	0.4612301705022223            0.16043487908983078             
227.05242355977109             84.28289069496383             	0.6517778001414668            0.2240845367272352             
330.03689277986626             124.394912066618              	0.9174329759430668            0.311914711856157             
482.59561279417204             184.90546198899864            	1.2866126278634253            0.4328741422164402             
710.3800419453736              277.2608566102862             	1.7983078281539955            0.5993829816920151             
1054.0275615855337             420.8506637137679             	2.506365504219328             0.8291300891292139            
1580.7806999365232             651.7708792506397             	3.4862959694100204            1.1485759543667498             
2411.814227215001              1049.2452864243335            	4.847438621720606             1.6009173789914857            
3804.1445503572704             1837.0994387864066            	6.7586271477598405            2.2678714811822975             
6487.450697686814              3929.4241467171732            	9.516604972737115             3.3473105643753676            
14065.757793553257             14836.654624922767            	13.816917061150304            5.615101807506323             
	
Erange 5800.0 7000.0	
	
0.15216067096721872            0.30680462287335947             	5.40208922943882e-05          0.00013925034927611353               
0.471565223326128              0.33727803632012604            	0.0002901574218009231         0.00033689758020930645                
0.8380780093696487             0.40197064053453857            	0.0007392141971595068         0.0005691288628998808                
1.28948169785262               0.5087540933684152            	0.0014500283280455789         0.000866760965686723                
1.8738495345723247             0.6705478410902993            	0.002510177021344463          0.0012774771286669078               
2.6553598559323834             0.9069974242331109            	0.0040657991238261465         0.0018715412342993915                
3.7222688062985685             1.247162385748679             	0.006346521670349522          0.0027465275546555167               
5.19822827508094               1.7336002070451948            	0.009696151598289092          0.004035039597245034               
7.258634966635491              2.428475465424688             	0.01461448675071523           0.0059195955044671665              
10.154495182186366             3.422685558563218             	0.021817888400210955          0.0086551765726244               
14.247532860539385             4.849534981128361             	0.03232620376087572           0.012599568036048066              
20.062185372368273             6.905320699402122             	0.047584791601727995          0.018253775832994857               
28.363094298620563             9.88048894377267              	0.06963362235719665           0.02631653618635365              
40.27130480928199              14.207072801318644            	0.10134008926088696           0.03775822887923194              
57.43960199384115              20.53138622494952             	0.14671822700211287           0.053921093309633066              
82.31880941446532              29.82621577753499             	0.21136500303928102           0.07665492497469895              
118.5650689039139              43.56537666330866             	0.30305507802937337           0.10850075471633389              
171.66758912191602             63.997988617140564            	0.43255028902361986           0.1529401192419044              
249.9251651508212              94.58522278172896             	0.6147016140691686            0.2147361484742657             
365.9837744748739              140.7101667657315             	0.8699548471471977            0.30040908293128193             
539.3021607201113              210.87312430131763            	1.2264290200274872            0.41892390451696465             
800.2307440291746              318.83821988553984            	1.7228495271474296            0.5827503975591537             
1197.160479701725              487.951265473417              	2.412866754832892             0.8096664957210812            
1810.4543604483329             761.4827237292491              	3.371902180409746             1.1262568684972982            
2784.8104361839814             1233.5478315642981            	4.7093379807234985            1.5758496574356475             
4425.491363293105              2167.935258865102             	6.594155669520039             2.240219834134439            
7593.770462224588              4639.411026254049             	9.323180769772668             3.316979586478506            
16532.026633916616             17485.041970829057            	13.591212022178699            5.5800996039424104             
	
Erange 7000.0 8500.0	
	
0.1540799216139811             0.31073990046537614            	4.564555265477108e-05         0.00011768969816977658                
0.47791627634651673            0.3424211000331794             	0.0002454346685212948         0.00028534927032496446                
0.850769563354445              0.40978979014005723            	0.0006265784407134182         0.0004840726346740154                
1.3121430573119903             0.5212783171859456            	0.001233158622447077          0.0007420579710874475               
1.9125794571765222             0.6907658913737462            	0.0021448652153409154         0.0011032591807000774                
2.71995838496797               0.9394414583345747            	0.0034954182642228226         0.0016325138217318865                
3.8281934943752236             1.2987972772142504            	0.005495608826652996          0.002419994753070502               
5.369664505300357              1.8151994912799103            	0.00846210660098653           0.0035891515886961726              
7.533297508669478              2.556766327946643             	0.012857585326682552          0.005311642196826666               
10.591136793513773             3.6237110927440117            	0.01934938119006627           0.007829394245850389              
14.937707413108372             5.163950286772281             	0.028893873468546265          0.011484246513613412               
21.14872971257977              7.396774913472435             	0.04285529874482882           0.016757755663488007              
30.069271553254573             10.648956311521417            	0.06317112153384097           0.024325289635545783              
42.94695048821831              15.410163693505844            	0.0925808252186819            0.03512979233715042             
61.63452932012581              22.418599460431437            	0.13494115158016368           0.05048226189921966              
88.90016193695817              32.7943079459921              	0.19565897567855495           0.07219835845965666              
128.90594661034356             48.24841432234958             	0.2822840227867385            0.1027839824530896             
187.95199381913332             71.4147546141822              	0.405318874954234             0.14568785531725492            
275.6440545272999              106.38218646397881            	0.5793256641233082            0.20564777829998312             
406.74745153174376             159.56520008768115            	0.8244427232040404            0.2891735001868529             
604.1811788842098              241.17359283608667            	1.168482383587411             0.4052436947742419            
903.9925961038582              367.8412274406162             	1.6498933305311403            0.5663760127138803             
1364.0684178021952             567.849453755969              	2.322117411253598             0.7904374777760682            
2080.9739321821835             893.4358642502303             	3.2604766389691147            1.1041398360339376             
3228.5707596988204             1457.1994566202313            	4.574390024972901             1.5509491079980848            
5171.757203514712              2571.939694554795             	6.432989341834178             2.21270825293388            
8933.185118640264              5508.2172091289185            	9.133196407474784             3.2867828515308894            
19534.126420802                20720.162172438253            	13.369095389855303            5.5452724054483005             
	
Erange 8500.0 11000.0	
	
0.15656226451877622            0.3158335009912212             	3.6488006929306264e-05        9.411058161764564e-05
0.4861541997731515             0.34912565992572775_            	0.00019649151810584802        0.00022887458151702356
0.8673131850431656             0.4200753104160631            	0.000503107877439482          0.00039057680221556677               
1.3418609364967635             0.5378896525589358            	0.000994818980265892          0.0006042814819193009
1.9636960012374267             0.7177805773200047            	0.0017419330458111762         0.0009094035245976271                
2.805769901664884              0.9830934888999047            	0.00286324584306399           0.0013641332935019103              
3.969811694463799              1.368743715763372             	0.004546790823266163          0.002049648033435726               
5.600354203716589              1.9264972868488104            	0.0070764254736432365         0.003078322757949694                
7.905313246191792              2.732981028075031             	0.01086988103008825           0.004608548064372825              
11.186501541338686             3.9018333932401776            	0.01653489379720316           0.006866051954909783              
15.88524322405582              5.602211794669996             	0.024950193189557313          0.010172626387128262               
22.65105407014549              8.087135781098235             	0.0373800572984858            0.014985141010389004             
32.44576099810582              11.737161876852092            	0.05563473102373159           0.021949052283394388              
46.702425471088645             17.128136373382               	0.08229382069514388           0.03197188778843743              
67.5696101585034               25.137060567441367            	0.12101608504744633           0.046323942696241904              
98.28954732885543              37.10879805120811             	0.1769674560118736            0.0667759221190767             
143.78811859550652             55.12084225228906             	0.25741052665895353           0.09578682159309504              
211.6029698300622              82.40796079967193             	0.3725145015640989            0.13676065620689198             
313.35735776243826             124.05157534923438            	0.5364671734722614            0.19439935510505243             
467.1276302319483              188.11812693397164            	0.7690049629152851            0.27519525733539296             
701.3067172895998              287.5913676589109             	1.0975352324996732            0.3881406112452913             
1061.0705297754337             443.82063547247185            	1.5601365551801154            0.5458114344320582             
1619.7132862760398             693.2803515796006             	2.209966148011392             0.7661884133896568            
2500.373676035913              1103.1543539828035            	3.1222026085468673            1.0761497928442625             
3925.0320573338013             1816.6489638049509            	4.406302512891578             1.519347409242135            
6356.748668419306              3226.5521973584873            	6.231592566777427             2.177726198492106            
11081.327581159301             6920.118346610322             	8.895138025566414             3.2483564776686458            
24381.679371671577             25967.01374573565             	13.09015522563044             5.5009815780981555            
	
Erange 11000.0 14000.0	
	
0.15881564616129193            0.3204610031116597             	2.9588446308604547e-05        7.634110961434247e-05
0.4936556598653273             0.3552640894565443            	0.00015957764714927812        0.00018622528846790902
0.8824588841815081             0.4295842351097504            	0.00040980061859442377        0.00031969127466536623
1.3692457113825114             0.5533833088806153            	0.0008141581268268158         0.0004991918529001643                
2.0111264485492355             0.7431779324839743            	0.0014351942867949477         0.0007602900708133781                
2.885950423092618              1.0244390610175549            	0.002379218143911262          0.0011555100382159716               
4.103059689428933              1.4354819295430314            	0.003815130228038144          0.0017584338105163752               
5.818927316225091              2.0334801056157183            	0.0059991869926145835         0.0026721061529931525                
8.260287362001002              2.903655037921023             	0.009311238414156518          0.004043591457129711               
11.75871117291467              4.1733290625525665            	0.014308514375164259          0.00608455281208252               
16.802727948824526             6.0335143863200065            	0.021803455514145805          0.009099150682157118               
24.116981065069147             8.772275269918612             	0.03297432754720971           0.013522328657324851              
34.78330983777523              12.82662526184919             	0.04952104060181237           0.01997274372862434              
50.42729724265466              18.863835903341464            	0.07388347387186651           0.029325909214924503              
73.50780317707246              27.909803652722584            	0.1095460460641794            0.04281497070968849             
107.76979904893427             41.55338127934832             	0.16146092263899975           0.06216914194983893              
158.95837591286625             62.27454140110857             	0.23663401107846255           0.08980351557167271              
235.95442692125644             93.97671287155796             	0.3449341441338246            0.12907941549114965             
352.598636504137               142.86069930469114            	0.5002090250697223            0.184663246594884             
530.6546935517891              218.88238290006603            	0.7218265976855273            0.2630278258762335             
804.6962971730163              338.2447047196054             	1.036819021323394             0.3731736346682672            
1230.3548358289224             527.8483016510384             	1.4829173538285452            0.5277260380561264             
1898.8241278088317             833.9328380491752             	2.113006031585928             0.7447670823860634            
2964.5082086762377             1341.6124089588006            	3.002118887270464             1.051327938626868            
4706.457126412182              2230.6304097502575            	4.25973634734891              1.4912362410625788           
7704.024872038893              3987.780431784136             	6.055362139002693             2.1465432019415753            
13551.675236040213             8568.294988757902             	8.68620971747294              3.214074319529515           
30000.20611112028              32079.26783423429             	12.84476212055696             5.461496007193266            
	
Erange 14000.0 18000.0	
	
0.1610939781339949             0.3251433866999734            	2.3779414127343956e-05        6.137647450224398e-05
0.5012631407780889             0.3615219000652313            	0.00012846422005240743        0.00015022918522230813
0.8978984268667602             0.43936851892508155            	0.0003309928831073909         0.00025961689799477495                
1.3973374389835533             0.5694605971527937            	0.0006610841016675125         0.00040956404897364297                
2.0601052994909983             0.7697318471818748            	0.001174111517851935          0.0006319903102840593               
2.9693037686025625             1.0679770987543238            	0.001964735642046167          0.0009740518614949558               
4.2425076374898465             1.5062564601488997            	0.0031839437046973372         0.0015022032585384295               
6.049209333425932              2.147747329286371             	0.005062138452978201          0.002310722155775527              
8.63683304888055               3.0872938959644456            	0.007943587365676456          0.0035358702066416604              
12.369947100756928             4.467674438671821             	0.012337793711020667          0.005375683414999454              
17.78988041970464              6.504813446418115             	0.01899408520862755           0.008117044767788793             
25.70606845547581              9.527106074077976             	0.02900819673889348           0.012173222749539778             
37.33707453593626              14.03718906734335             	0.0439733623874622            0.018136165890969762            
54.529958798718575             20.809713515195543            	0.06619336766731646           0.026849214184554587             
80.10419787720568              31.04736871222941             	0.09898159274083276           0.03950783752538176             
118.39528522114581             46.63203851421735             	0.1470789732012216            0.057798731689314514            
176.12137581924918             70.53290909444102             	0.2172359337388872            0.08409142368704033            
263.7777454271281              107.47651145953795            	0.31902010927146557           0.1217021378276602             
397.90331695679896             165.06008557957134            	0.465935489961852             0.17525857508663245           
604.8077130867456              255.62996703107464            	0.676974407399601             0.2512102337617962           
926.7903239830885              399.52200422464244            	0.9787827564627841            0.3585618870750593            
1432.7407682152939             630.8696403435848             	1.4087293747222094            0.5099851018896473            
2236.883538210146              1008.8071793310638            	2.0194090526711066            0.7236623896941952            
3534.396483826615              1642.3274927796938            	2.8856949554637783            1.0267809590048702            
5679.4632854654                2759.7196504068343            	4.117081205191889             1.4633527890610423           
9404.641424310748              4970.842422998521             	5.883249820883165             2.1155495825866195           
16707.201153452228             10706.437123051388            	8.481580484406694             3.1799713652899073           
37236.60159840964              39993.678157447954            	12.603865500485162            5.422242322222096            
	
Erange 18000.0 22000.0	
	
0.16286202517738316            0.32877960783872057             	1.996975719114667e-05         5.156001410295644e-05              
0.5071829401058993             0.36641441495071897            	0.00010803766024790043        0.00012656590579908283              
0.9099691167949224             0.44708193429055737            	0.00027914946672295566        0.00021996531665695752              
1.4194239255890508             0.5822306885078613            	0.0005600685201304379         0.00035003655094498806             
2.0988437736405245             0.7909661025753427            	0.0010010455833094946         0.0005460402965281552             
3.0356259048953707             1.1030159511231001            	0.0016883469263468778         0.0008512186113124776             
4.35412840156482               1.5635761654481883            	0.0027600190175514337         0.0013268718440107125             
6.2346505351972965             2.2408877406025356            	0.004427777354772284          0.0020609116400843674            
8.941919073444248              3.237972207764307                      0.0070100858816421925         0.0031816393309671174             
12.868307590765278             4.710846444376257             	0.010981630036803518          0.004876914587104125            
18.599987337738977             6.896950066089331             	0.017045370162921285          0.007420595371219653            
27.01899385998513              10.159810780070979            	0.026235975775831418          0.011209484450019506            
39.46194816028856              15.059747172258659            	0.04006720477930825           0.016815094297439877           
57.968842841688435             22.466688314211762            	0.060740772707250645          0.02505596575962014            
85.67620223471917              33.741746573072334            	0.09144094582526643           0.037098296020097635           
127.4437361103542              51.032123644139766            	0.13674817658247623           0.05459544297770877           
190.86221942438462             77.75480860637037             	0.20321752055734807           0.07988080804958117           
287.8902318415413              119.39847679866706            	0.3001847449852204            0.11623432159124078          
437.5401948107147              184.86920459563467            	0.44088738725627163           0.16825175472580994           
670.3390916786248              288.78280596198823            	0.6440243823419953            0.2423620424395829          
1035.844707784025              455.4522326064931             	0.9359372859467849            0.3475704605516449          
1615.5694884106663             726.0680539550964             	1.3537064463445627            0.4965817576093905          
2545.9657775567157             1172.5112874975482            	1.9496922567626198            0.7076548141522077          
4062.078331546931              1927.6011121765132            	2.798633041764183             1.0080986813480735         
6592.278861303402              3268.0690080523195            	4.010025863301125             1.4420727665642223         
11020.719723335082             5925.0502577809875            	5.753689968035089             2.09185113214404         
19740.079474062593             12791.74491637296             	8.327144493740365             3.1538737345296277         
44247.269653501586             47700.6553314684              	12.421679016019592            5.392217904025483          
	
Erange 22000.0 30000.0	
	
0.16550588765942553            0.3342213065985371             	1.5245472100141073e-05        3.9383299458817714e-05              
0.516062009336416              0.3737907231275688            	8.267520676446116e-05         9.713918675705757e-05            
0.9281674926129342             0.45881732537071723            	0.0002146253100574728         0.000170421510611186            
1.4529297711024542             0.601819261468133             	0.00043387740900171205        0.0002751089399893439             
2.1579962800811443             0.8237789857593867            	0.0007836944027554964         0.0004367526322332042            
3.1375655705474386             1.1575413887012014            	0.0013387930663292789         0.0006931539398019088            
4.526824919336864              1.6533971399634884            	0.0022193817580203824         0.0010985049239842675            
6.52346781619548               2.3878799654780147            	0.0036113909961874636         0.0017318671480729233            
9.420301579076966              3.4775169315434225            	0.005797519906650395          0.0027102869498213354           
13.655208883851635             5.100383812329383             	0.009203847862920226          0.004207039027136905           
19.888399623526567             7.530103230545625             	0.01446808989009802           0.006477134639756053          
29.122872846718497             11.189861262594912            	0.022538313347044602          0.009893360814081634           
42.89382564991708              16.738922378384462            	0.034814713569521594          0.014997191697894255           
63.56900112741913              25.212398544065515            	0.05335209638799308           0.02257042180249529          
94.82915018373326              38.249144800530594            	0.0811475703355085            0.03373549826844379         
142.44372123087916             58.46701561201135             	0.12254732266532327           0.05009547634855471          
215.53542531034506             90.0873039981285              	0.18381921201396537           0.07392862462849442          
328.6632843331655              139.9857380571293             	0.27395570440350625           0.10845863055245018          
505.2926101128234              219.48397400182492            	0.40579685475434923           0.15823054590725322          
783.6477805337622              347.4492001516725             	0.5976003453364507            0.22963859190692054         
1226.7296666006187             555.763013631551              	0.875245772613848             0.33168416368000975        
1939.7944616575992             899.2679993238643             	1.2753705825844541            0.47711716376192037         
3101.785623951648              1474.9019487688392            	1.8499693672606738            0.6843078702870563         
5025.174302162332              2462.9199651441854            	2.6735624079289133            0.9807484854746213         
8284.281861937603              4236.78509184323              	3.855638524201632             1.4108257998358733        
14062.83179723175              7766.730019457065             	5.566220151857392             2.0569814817847933        
25528.48971632664              16842.450828736164             	8.103052167483417             3.1154409728311463        
57759.22356371914              62648.76273159001             	12.156727650422702            5.348031605731007         
	
Erange 30000.0 40000.0	
	
0.1678624984386396             0.3390761234013535            	1.1868158588050793e-05        3.067518035880976e-05             
0.5240039277065677             0.38042748095334855            	6.451496656973e-05            7.602736152767003e-05         
0.9445413343768262             0.46948517950905133            	0.00016828367389327262        0.00013466099350051709             
1.4832899296027031             0.6197911244215307            	0.0003428138578813575         0.0002205156203375216            
2.2119941166231323             0.8541350450818376            	0.0006257728657443166         0.00035609796830194946            
3.231318139361639              1.2083859869249218            	0.001082546664145262          0.0005747749473125263           
4.686840531125701              1.737819635649183             	0.0018189122009131555         0.0009249835582363322            
6.793101100181927              2.5271580680576275            	0.002999899699939122          0.0014785254567841132           
9.870359826324044              3.7063925373131634            	0.004879035508307028          0.0023430318256698933           
14.401421486392543             5.475812712926834             	0.007842398392055541          0.003679400712048183           
21.120311419307942             8.145864684746673             	0.012473504017331851          0.005726484701954953           
31.151884233378865             12.201123189749161            	0.019647823262643315          0.008836295353538897           
46.23355566119178              18.403853838774207            	0.030669526100067415          0.013524092658912494           
69.07063891977168              27.96322210175245             	0.04746815571454119           0.02053931124436599          
103.9111329114676              42.81450321088113             	0.07287994053111492           0.030965498069383788          
157.48467618090592             66.08467665891509             	0.11104807754173227           0.04636050178159656          
240.55243987990312             102.87759879730325            	0.16798957023910677           0.06895241489824191          
370.4940225061482              161.61423975462415            	0.2523945702323838            0.1019128924749107         
575.6771054267826              256.35102809823303            	0.37675011948627407           0.14973885102211165          
902.9360411163456              410.8517040007441             	0.5589184164507482            0.2187896005944566         
1430.5655099944815             665.8762082773686             	0.8243607282457994            0.31805835198625043         
2291.326618763138              1092.5932138672465            	1.209308359311203             0.4603305714250192        
3714.3291401860997             1818.4906655133614            	1.7654144169432378            0.6640726964679041         
6105.216711407023              3082.6261009452624            	2.566987933665634             0.9569407810619277        
10216.855593912702             5379.192173747507             	3.7234969430883793            1.3835309605116226         
17602.252858531945             9973.306180469173             	5.405141983044582             2.026448697565121        
32376.971831996485             21737.4521360814              	7.9098851591902335            3.0817527233540427         
73939.47243943921              80688.08263620315             	11.927751732780631            5.309325429687417         
	
Erange 40000.0 55000.0	
	
0.17036496307430077            0.3442359726520383             	8.994970387322457e-06         2.3263971840934205e-05            
0.5324663182632273             0.38754007185862954            	4.9038651219381535e-05        5.799733961007195e-05            
0.9620895318113227             0.4810326806451499            	0.00012866021417541092        0.00010391874644151258            
1.516053047783045              0.6394198647471336            	0.00026454506965524195        0.0001730995125618299            
2.2706890746569957             0.8875587091716534            	0.0004890218504779385         0.0002850761818642179           
3.333970091290067              1.2648037235106746            	0.0008585083873106919         0.00046892999174830916           
4.863327619652776              1.8322244813392865            	0.0014649004957659442         0.0007675526539416234           
7.092693187729123              2.684145960116962             	0.002453066714438582          0.0012456339379473573          
10.374220724548097             3.966500195829279             	0.00404818477662515           0.0020014080059075953         
15.243403064520715             5.906140569869111             	0.006597100721999991          0.0031832610399331806          
22.521699980194235             8.858010554137483             	0.010629669867507806          0.005013553854404307          
33.47979649400302              13.381685635639329            	0.016948840913414677          0.007822909693482165          
50.09973367935207              20.36673130214467             	0.026762034057250313          0.012099368861470802          
75.49983243992041              31.24005706702999             	0.041871547214080776          0.018558470273632704          
114.63042911159955             48.31255482932005             	0.06494887934178976           0.02824263531163439         
175.42509396717406             75.36517063974274             	0.09992774926372437           0.04266142900862469         
270.7269739485002              118.6518389635584             	0.15256426013426896           0.06398871559990858         
421.55091333978646             188.6382478887288             	0.2312316469143259            0.09533906369189366        
662.6791216153256              303.059337317903              	0.3480438390880272            0.14115536539598936        
1052.3953320146977             492.38182357709826            	0.520441341810499             0.20775581572804178       
1689.6875070139436             809.7503916539654             	0.7734349455842019            0.3041200099484807        
2745.231543799062              1349.5688287135445            	1.1428133579373827            0.4430661693538553        
4518.674628346486              2283.7129470839764            	1.6798513048817534            0.6431592914657807        
7549.367766712861              3938.318929170714             	2.4586158447712725            0.9322296232686789        
12851.219414149484             6988.303443289154             	3.5885384348523433            1.355102086814327        
22522.974006977485             13136.528535241805            	5.240004673003719             1.9945706936958254       
42073.064211266406             28826.90535778617             	7.7112226946250795            3.046542150566686        
97154.3497922795               106792.5668680263             	11.691667476075265            5.268893998445498        
	
Erange 55000.0 75000.0	
	
0.17269556592412857            0.3490457636631589             	6.8673479673260504e-06        1.7773461657358013e-05            
0.5403748964029321             0.39422579301772903            	3.755590753670896e-05         4.458780785431919e-05           
0.9785852679690707             0.49199588231797214            	9.915139981458229e-05         8.088403265892346e-05           
1.5470653817948434             0.6582220201025798            	0.00020590986120619216        0.00013715743270713957            
2.3266514376923366             0.9198335281974843            	0.00038570411969655687        0.00023041539243485957            
3.4325577583865416             1.3197051837498925            	0.0006874225835250557         0.00038613012816423253           
5.0340686756366715             1.9248079614290126            	0.0011912995282688835         0.0006425163485643913           
7.384684578834457              2.839336845230337             	0.0020251938479038355         0.001058147634119284           
10.86904453036137              4.225765459102832             	0.0033901629916074914         0.0017230321030210073           
16.076821539981736             6.338790677137095              	0.005599342672133319          0.002774473725192771          
23.92028394592648              9.580492391710184             	0.009136035642934201          0.004420090523231148          
35.82315617144631              14.590781522893115            	0.0147397005849582            0.006971221027705693        
54.02701058174775              22.39718076042754             	0.023532325447503034          0.010891151319944746          
82.09339856008381              34.665500315997214            	0.03720291582111918           0.01686432115872218         
125.73557580722034             54.12415292925981             	0.05827512485526659           0.025895072083461815         
194.2117754907147              85.29113057050759             	0.09049318420974399           0.03944781877116618         
302.6873267691643              135.73577535381042            	0.13937535368635193           0.059645137430023996         
476.2910454873438              218.29950108939332            	0.21300368025384273           0.0895468281752171         
757.1780279061045              355.0638815393454             	0.3231464746438852            0.13354285706817015        
1217.01315551735               584.5607922611614             	0.4868502227776408            0.1979094322641605        
1979.4070403165824             975.1302787959035             	0.7287007191729763            0.291608890942118        
3261.0324543098973             1650.2897030531005            	1.0840642579491595            0.42748519623553954        
5448.912148191038              2838.7772270165033            	1.6038486600019533            0.6241916121496675        
9251.68321181564               4980.693094157311             	2.3618790984089095            0.9097205132707596        
16020.743424436212             8991.001468037319             	3.467539083950752             1.3291156770565788       
28570.382753480066             17151.64888313862             	5.09138219825452              1.965360170512719      
54229.78154218437              37936.68288424044             	7.53185924341038              3.0142420912237333      
126696.56228762324             140330.3757792011             	11.47798005469671             5.231825921337635       
	
Erange 75000.0 100000.0	
	
0.17476493191141415            0.35331994251863175             	5.34722652436438e-06          1.3848866712786266e-05          
0.5474193940515534             0.4002125878121666            	2.9335345788005576e-05        3.496420645730977e-05            
0.9933573948794411             0.5019021590207834            	7.794420445994551e-05         6.422528074399328e-05           
1.5750134784958338             0.675348992397178             	0.0001635102977617264         0.00011085156828305275           
2.3774182245590976             0.9494484180546069            	0.0003103380666014091         0.00018979249819623976           
3.5225875266569684             1.370438471536318             	0.0005612614423847721         0.0003236153897281577           
5.191031053231731              2.010972421797265             	0.0009871305012123896         0.0005467478277421638           
7.65493753438325               2.984828447386733             	0.0017020454525922442         0.000912713310709869           
11.330235095244555             4.47068346087602              	0.002887383643586052          0.001504624320381209          
16.85924390942949              6.7507629145842705            	0.004828517011721044          0.0024504009658675406          
25.24328503055809              10.274207336138101            	0.007970062065688042          0.003945073258731463          
38.05761248430254              15.761962819310062            	0.012998268728170836          0.006283381657271798          
57.80337969002844              24.382228769987734            	0.02096295289681554           0.009907137885517564         
88.49020666120597              38.04723731915354             	0.03345668031415268           0.015473588963650402         
136.61135242458343             59.92133877283344             	0.052876323139595754          0.023953503710281564          
212.79570615428042             95.30210365832416             	0.08280245241436206           0.03677113226590553         
334.6422749519929              153.1695274726372             	0.1285464334202786            0.056002962059688105        
531.6505866599738              248.9507054460044             	0.19793519202552176           0.08465896050001478         
853.9241940929868              409.5337510421667             	0.30243198793781245           0.1270800799647972         
1387.782907449122              682.5234878783859             	0.4587328138519049            0.18950233376937137        
2284.2677480183024             1153.6752246200758            	0.6910421452320579            0.2808690547904898        
3812.2510844331973             1980.5529864545388            	1.0343433822030452            0.4140431391215438        
6459.925409369088              3459.8436855153436            	1.5392071335504423            0.6077531842367035        
11136.186670622694             6170.831685857496             	2.279230497059965             0.8901351666158656       
19600.27283250913              11326.739601304256            	3.3637429883435237            1.3064316369806335        
35545.19130000765              21929.575378095506            	4.96344347806973              1.9398043844798791      
68536.45729392112              48923.087093047834            	7.377008968134632             2.9859550412644587       
161999.07322111004             180801.94440922138            	11.293074733218035            5.199382405454911        
	
Erange 100000.0 140000.0	
	
0.17707349703529857            0.3580921418111161             	3.991479954961762e-06         1.0346862342302347e-05           
0.5553034658173043             0.40694849130748023            	2.198720501971829e-05         2.6338249637987535e-05          
1.0099791730991756             0.5131489467923581            	5.890526173006801e-05         4.916412854301245e-05          
1.6066610726001294             0.6949501550098907            	0.00012518031616235489        8.674834277534896e-05           
2.4352859938075695             0.9835895138470994            	0.00024153524567753135        0.00015194758780428323           
3.6258937322871367             1.429340141748686             	0.00044471016635781095        0.00026440532385478294           
5.372347774805723              2.1117265083379655            	0.0007960973675010948         0.00045469618333409404          
7.969256176272777              3.156213050221744             	0.0013958401833713643         0.0007711009718467          
11.870406472074928             4.761412846546327             	0.0024051630337238337         0.0012894728448137978          
17.78239069764118              7.243742288102652             	0.004080730226383008          0.002127757911813279         
26.81626145155005              11.111375537133872           	        0.0068267899198047955         0.0034674947327675617          
40.73582235231918              17.187982478782033            	0.011273593700680132          0.005585492420042323         
62.36857184593184              26.82207794053154             	0.018394388130399692          0.008900179331682422         
96.29361499410518              42.2454800002888              	0.029678633788751282          0.014038952538275588         
150.00711005408417             67.19501324394297             	0.04738664952634921           0.02193542166778625        
235.9221311383991              108.0057380925622             	0.07492145227987683           0.033968992230147974        
374.8476146182405              175.56201559076507            	0.11736834467836472           0.05216418521519709        
602.1299577709411              288.83560003555107            	0.18227349630314565           0.07947410573244414        
978.6687811138307              481.41389562366794            	0.2807619982420454            0.12018284604662782       
1611.0196047848676             813.7768209755345             	0.42913828874392707           0.18047837042907597        
2688.7838466688286             1396.8818687993016            	0.65117720616762              0.26927867836352665     
4555.662141059458              2438.628712875254             	0.9814263687158781            0.3994632895161757       
7848.009593576401              4338.525137576797             	1.4700673778736164            0.5898412436801937       
13774.881010275332             7891.642771451579             	2.190427750165236             0.8687080586761889      
24721.57253813353              14783.538737749648            	3.2517634440541547            1.2815327235597582       
45756.96334453548              29163.479733223845            	4.824930255638227             1.91168824489995      
89961.78780041506              65827.4645722146              	7.208868255000471             2.954800144592791      
215802.3342656405              243179.26518144744            	11.091834807498854            5.163666162590388       
	
Erange 140000.0 200000.0	
	
0.17939121623291196            0.36288753563601406             	2.9287097241919463e-06        7.599945789593838e-06  
0.5632460962554191             0.4137727803438694            	1.6211294489452685e-05        1.9535340209099297e-05  
1.0268207360191903             0.5246525197888982            	4.3860626639419625e-05        3.7160656136204285e-05  
1.6389441207178375             0.7151692528977265            	9.463310124321836e-05         6.722566694134913e-05 
2.494730975718965              1.0190794875976732            	0.00018604994609815954        0.00012069652213103665  
3.732765899075506              1.4910294440355354            	0.0003493943765511619         0.00021459840053591846 
5.561259778907539              2.2180532993489983            	0.0006375682448360294         0.0003759981286012543 
8.299124280524993              3.3385033549868535            	0.0011380795201948043         0.0006483001768113125 
12.441566280835362             5.073189714925689             	0.001993709375951546          0.0011005125730724488
18.766165667383223             7.776982900408857             	0.00343456904920158           0.0018410833738741884                
28.506386171958923             12.025161831532559            	0.005827197217933671          0.0030385893339244744
43.638584384879934             18.759485999109437            	0.009749051421957427          0.004952462825414513
67.36224738878316              29.538246648034107            	0.016100560249175083          0.007978278215654642
104.91328976480246             46.969812152842266            	0.026272317263678777          0.012714011523554197
164.9591150046168              75.47470761821671             	0.042392659447799845          0.02005632833363888
262.0244972943479              122.64510922855702            	0.06769166630053426           0.03133963591517064                
420.7723136732652              201.70899555206492            	0.10703277867836304           0.04853577656951428                
683.6778754860417              336.0740868831789             	0.16768452950177593           0.07453950556949848                
1125.0251624529246             567.8651913799991             	0.26043499640668427           0.11357558363229604                
1876.914526701929              974.2972338202875             	0.4011952042193507            0.17178036896999477               
3178.594976788772              1699.8017696089582            	0.6133044483273886            0.2580420507206907               
5472.221732744173              3020.746535916867             	0.9308639628203111            0.3852520170265286               
9593.809960559516              5480.209144976741             	1.4036513854446626            0.5722961014253114               
17167.666568195575             10183.145007147052            	2.1047075037398466            0.847629061135607               
31469.64998425534              19511.673781213012            	3.143200044406983             1.2569519792288701              
59575.37273864424              39328.72129742758             	4.6901364769963045            1.8838624046566568               
119738.62770948543             90071.79118231079             	7.044731962208944             2.923931086168498              
292181.0961057968              332938.41349157074            	10.894906305627384            5.1282957309537895               
	
Erange 200000.0 280000.0	
	
0.18145787532761345            0.3671671269112481             	2.187887975241367e-06         5.683864101635673e-06       
0.5703516980411364             0.41991063535051504            	1.217302105778866e-05         1.4761618602067145e-05       
1.041969987100468              0.5350925824270352            	3.3280277384650595e-05        2.863922084439926e-05        
1.668169762478659              0.7336661302058223            	7.294651585196924e-05         5.31200028912619e-05       
2.548905102202213              1.051784230902112             	0.0001461477506435841         9.765726111159933e-05       
3.8308153868700057             1.5482836110025917            	0.0002798259055981046         0.00017719091014345152       
5.73575077606394               2.31745277890254               	0.0005201025046636251         0.00031593721698955905       
8.605924764080692              3.510201538782171             	0.0009442991970046586         0.0005532594185059319       
12.976605854940628             5.369167048208645             	0.0016801646722205163         0.000952423486460829       
19.694664135422833             8.287401135959756             	0.0029359404461932336         0.001613835283450162       
30.114196205027547             12.907497398486063            	0.005046805926292481          0.002695001718544619      
46.4231488999098               20.29096603628255             	0.008545920293678393          0.004440391442639413      
72.19529201520032              32.211289400182395            	0.014272096616783494          0.007225736946277607      
113.33495114684222             51.667875628946675            	0.023531600046055763          0.01162326005144731      
179.71600233232834             83.80064093288466             	0.038339327744621156          0.018497020133015078      
288.0668684898181              137.54326768587123            	0.061775614958965434          0.02914136949940742      
467.1287314532969              228.6628977463769             	0.09851040024837446           0.04548081139069081     
767.0353863539326              385.45278105561033            	0.15556831587766237           0.07035707490413387     
1276.6863337842099             659.609584732442              	0.243439200558                0.10794019701910468
2156.5782398644915             1147.48083087963              	0.3776832590482275            0.1643177452299961    
3702.2394624534754             2032.5976860626631            	0.5812481524315448            0.24834763708314758    
6469.865405622618              3673.224580494971             	0.8878298248851654            0.37292767817567907    
11532.348640847953             6788.760553221407             	1.3468344739190594            0.5570086406904123    
21019.959826658564             12875.900072438904            	2.031033514764075             0.829186245882319   
39325.54785388118              25223.35236302233             	3.0495035108172392            1.2353723738001468    
76112.75783759716              51966.7592745666              	4.573381799063933             1.8593753882752646   
156400.96081191118             120920.32428947231            	6.902137854735053             2.896735710900212   
388429.5049686922              447736.17541344964             	10.723425645457905            5.0971507815821235    
	
Erange 280000.0 400000.0	
	
0.18352365749998711            0.3714484036559812             	1.6070031867276192e-06        4.180340751600858e-06        
0.5774767415391759             0.4260967455633218            	8.996223208889756e-06         1.099130280826382e-05      
1.0572402465072317             0.5457049480928435    	        2.4903330256736718e-05        2.1822771688601605e-05       
1.6978091130093156             0.7526107268819361             	5.5597271413213874e-05        4.1621175974422805e-05       
2.604194412635273              1.085512849361448             	0.00011378123225419507        7.848461568768336e-05       
3.931521110681753              1.6077308109599637            	0.00022251943620373886        0.00014548449813908576       
5.916123772874016              2.421373349769565             	0.0004218452833351526         0.00026422505480514413      
8.925163169995924              3.690999486571998             	0.0007798397462569304         0.0004703011644186479      
13.537158542380958             5.683179798418424             	0.001410464737003683          0.0008215666081596167     
20.674441611900086             8.83322260839823              	0.0025017001910060442         0.0014107803843716492      
31.823697567083265             13.858958047223895            	0.0043594012767892145         0.002384836263299515      
49.40770243187122              21.957146639909727            	0.007474944527557248          0.0039737397649737246     
77.4199205005401               35.147034069885805            	0.012628553354571935          0.006533894710819361     
122.5224666728988              56.87996069901934             	0.021045689348535686          0.010612242095881175     
195.97318566547537             93.13791144680825             	0.03463175327773065           0.017040581368346817    
317.0604624119025              154.44652085662315            	0.05632151430959264           0.027073311442312262    
519.3281914726538              259.63116034555344            	0.09059550579868533           0.04258730399078407    
862.0631903466981              442.9649858732788             	0.1442379871996754            0.06637038094501468   
1451.9161062243747             768.0687208011793             	0.2274428250359289            0.10253618298821561   
2484.485489661112              1355.5892058006805            	0.35541953739182136           0.15712087871604702    
4326.234527544991              2439.7899569103974            	0.5507212109659467            0.23894860519216926   
7680.233304404955              4487.76072780871              	0.8466317459799636            0.36091957483420634   
13931.912588144245             8459.538519483716              	1.2921752687688919            0.5420459855749467   
25897.50172535608              16402.660399711818            	1.9598406408284006            0.8110632955302136   
49530.68109870176              32921.61554906603             	2.9586009577769               1.2140975460551333
98224.55152386216              69533.14758216766             	4.459717588193107             1.8351776848641823  
206939.49053745338             164947.39394785516            	6.762921787948558             2.8698308488017825  
524566.9562885154              612800.2731138045             	10.555632767123296            5.066349620899207   
	
Erange 400000.0 700000.0	 
	
0.1865127174002091             0.3776493979310916            	9.917609137977847e-07         2.5862090723245625e-06      
0.5878264119237888             0.435138768215793             	5.61571565668021e-06          6.95626109831625e-06     
1.0795642254870847             0.5613788375562351            	1.5905578931798044e-05        1.4392071614748994e-05       
1.7414647079050736             0.7808493636204112              	3.668045117366575e-05         2.874925884264212e-05      
2.686262513059428              1.1362155303193089            	7.779911321491552e-05         5.642970465568392e-05      
4.082172829391877              1.6978417615255126            	0.0001574703243782781         0.00010814505912642593      
6.188096843488031              2.5802450840754427            	0.0003080352227521647         0.0002021008939835649      
9.410456034264666              3.9698657023594675            	0.0005857339949829306         0.0003688922773676731      
14.396547620814117             6.172064932079413              	0.0010866136806263423         0.0006591003182679095      
22.190018755083887             9.69144120022167              	0.0019719871993643633         0.0011550942822986209      
34.49317521293508              15.370728380706238            	0.0035086606810778888         0.0019891964272602783      
54.11536762065149              24.634198247900454            	0.006131766091278258          0.0033713558748037233     
85.74999790790363              39.92036731837176             	0.010541856280946737          0.0056309115068987     
137.3406746169067              65.46330289853823              	0.017853461412239566          0.00927906547653282     
222.5209261857046              108.72733676148118             	0.029820286970471933          0.015101574633332329     
365.04500319056837             183.09024363050807             	0.049173663410606715          0.024295245067122773     
606.9830522872659              312.9622216519181 	                0.08012714696416229           0.03866754865528627    
1024.1840598017022             543.7670826405075              	0.1291233103698595            0.060926803424727255   
1756.0972227796592             961.8761857704002             	0.20593171918618178           0.09510216196058996    
3064.6905800265477             1735.4901623013577            	0.32525471926745003           0.14715087305959354    
5454.026428632921              3201.003196409115             	0.5090693312937355            0.22584200604915872   
9920.369530831516              6051.665762920312              	0.7900513389150534            0.34407208794479094   
18493.617558448037             11766.014824513828             	1.216653152188614             0.5209358458550991  
35457.83700573299              23628.41759091035             	1.8609312710223198            0.7853686557167923   
70250.70208206157              49336.106221828624            	2.831687087034342             1.1838124863793347  
144978.57163654402             108694.3328979675             	4.300351181611193             1.8006332661854303  
318662.0049240475              267237.7291173849             	6.567047622277454             2.8313699702065134  
837598.2931640423              1002021.1700926761             	10.318912411219488            5.0223450191392205   
	
Erange 700000.0 1200000.0	
	
0.18910898992309827            0.3830416352614052            	6.243870742444705e-07         1.6329106731735064e-06      
0.5968553778314455             0.4430819114148896             	3.5837547513507616e-06        4.511304110662316e-06       
1.099179600396227              0.5753071318246739            	1.0424530634626105e-05        9.770509823422929e-06       
1.7801437973508598             0.8061988913511784            	2.4910967538724005e-05        2.0454024246766166e-05       
2.7596026949493577             1.182158486497417               	5.48216536959138e-05          4.172679855059072e-05     
4.217972884397996              1.7802506103346156             	0.0001148065303999889         8.25404415798886e-05      
6.435421861591648              2.726920016454761              	0.000231490488679646          0.00015847711044459983     
9.855784799002635              4.229882717633601             	0.00045215860524583124        0.00029619555479324744       
15.192663835695727             6.632680284308672             	0.0008590837338469464         0.0005404696680087612      
23.608087390187727             10.509000784328796             	0.0015927682432411259         0.000965266351597196      
37.01748316805854              16.82784984813855             	0.0028891299956185297         0.0016909815488903273      
58.61754075464745              27.24691097632485                    	0.005138253059658019          0.0029109600865339395     
93.81326580419346              44.64167580356611             	0.008976135083193377          0.004931885217935304     
151.87161660723567             74.07592303550199             	0.015426433468499803          0.008234716202420396     
248.92100011282085             124.61429974186086            	0.026117293389759495          0.01356583086594651     
413.49172640188107             212.77537227876334             	0.043609983170991296          0.022072242618732946     
696.9547246299024              369.25379542370973             	0.0718927383781267            0.035500720158786525   
1193.621061792798              652.3218043365148             	0.11711702885780055           0.05648910800327906    
2080.3822432854854             1175.259654699904             	0.18868749571084845           0.08899040639475064    
3696.998493291677              2164.1710677218566            	0.3008660121451099            0.13888891315246274   
6713.636172345608              4083.922692671305              	0.47512403493520045           0.21489980129365738    
12492.44299238403              7922.927093368247             	0.7435972663838382            0.32990928766337146   
23898.55659235671              15865.524351752772            	1.154222692676153             0.5030773832314516  
47203.17808379973              32963.81111451602             	1.7786576652841575            0.7635106326257592   
96805.96561293019              71590.44785506214             	2.7255320837393326            1.157931116384902   
207957.8998427237              164831.2803483035             	4.166412460588324             1.771014718506682  
477933.1522768045              422312.83970923733            	6.401776404663582             2.798340277794168  
1308114.0012041177             1607194.846517409             	10.11856522638141             4.984574132350961  
	
Erange 1200000.0 2000000.0	
	
0.19132297837375925            0.38764444414599436            	4.0370316213559476e-07        1.0593262130160056e-06       
0.6045842212401715             0.4499221966702515            	2.3541711422913717e-06        3.0185707613834373e-06       
1.116075239909931              0.5874206914731522            	7.057573612279361e-06         6.8658831794879865e-06      
1.8137003319341403             0.8284384818447332            	1.751162431119145e-05         1.5046778554922312e-05      
2.823703852560562              1.2227914287059967            	3.998197703771905e-05         3.182893187575826e-05      
4.3375571365379555             1.8537196608025412            	8.651758104084795e-05         6.484710011709137e-05      
6.654879506061997              2.858764193877508             	0.00017950101241220228        0.00012766407757989652       
10.25406160102038              4.46563291856233              	0.00035945947508640393        0.000243860437909589       
15.910566848875042             7.054128800394659             	0.0006981140824218166         0.00045361234593234906      
24.8980512789274               11.264308056241072            	0.001319810424458466          0.0008241579727338823     
39.33518360062533              18.18795719360849                   	0.0024361923309759396         0.001466238321223863      
62.79250184241327              29.712689970242995            	0.004401544013890147          0.002559617356616681     
101.37073372724154             49.150504691840844             	0.007800025204094134          0.004392266266516603     
165.64870251297975             82.40656726563064             	0.013581611201940205          0.0074199303035661236     
274.26536197966556             140.1950401391153                	0.023271704375636543          0.012355848225194005     
460.63593723457706             242.32987003504195                  	0.03929119474223725           0.02030472924789548    
785.8148240324404              426.2290660460464              	0.06544075124204898           0.0329612503015901    
1363.7143426301643             764.2086384943232               	0.10762751156023793           0.05290210344877982    
2411.848280798477              1399.6697911963972            	0.17494730054790258           0.08401329609895744    
4356.437870983105              2625.280715869226              	0.2812860986936203            0.13211363792116823   
8057.345689393333              5058.106540783201               	0.44768004577537496           0.20586780977743016    
15307.674322294604             10048.454253234977             	0.705795087398322             0.3181478896142563  
29991.967793708438             20681.146673725165              	1.1031142167130359            0.48816468770340044   
60909.637552873915             44371.40116757773             	1.7109362858917831            0.7451687687530838   
129092.68815909834             100098.51304747425            	2.6377277178978358            1.1361253599700833   
288420.9208707836              240936.64519318528            	4.055162275207615             1.7459877749472628  
693804.4807934643              645993.0255202315             	6.264028054745519             2.7703909434425067  
1984726.5657356782             2511145.760363479              	9.951137323627291             4.952626774509824  
	
Erange 2000000.0 4500000.0	
	
0.19436594608582472            0.39397762301074635               	2.0330900665342417e-07        5.372960626792664e-07       
0.6152519388154075             0.4594261340249453	                1.2259721995909777e-06        1.6313777234005112e-06       
1.1395565637382394             0.6044348272087624                	3.9000493864165235e-06        4.053582188809558e-06       
1.860708304267537              0.8599749829785104                	1.0346548674455454e-05        9.562645330678188e-06       
2.914238339347287              1.2809242553853217            	2.5104573254227977e-05        2.140029237042944e-05       
4.507855666735311              1.959763999342232              	5.722321695341548e-05         4.5628018410594356e-05      
6.970054206984331              3.0508139495699504               	0.0001240915794841191         9.332815320834305e-05      
10.831076997871907             4.812352417460658             	0.00025812480274594484        0.00018423715674012751       
16.960267570555793             7.680299553389941                	0.0005181574776824829         0.0003527071740962291      
26.802718362766388             12.398744349822774               	0.0010084979886612006         0.0006573395283833412      
42.793217314755324             20.2545889010679                	0.0019102647242876139         0.0011963286460791483      
69.09173097076558              33.50625966016763               	0.003532146072512572          0.0021315852595548933     
112.91204543512235             56.1810053198472                	0.0063914997207670885         0.003726211411404738      
186.9652299761567              95.58665349028226              	0.011342304908756772          0.006402085885163769     
314.0415178600245              165.23942057994483            	0.019774721642387954          0.010827471574921069     
535.7867637150474              290.66767214215037               	0.03392304253932974           0.018049062427338197    
929.9119488429988              521.2161338636482             	0.05733626485492922           0.029689317308315376    
1644.8265501191415             954.7499892270533                	0.0955906794116426            0.048239120452325215   
2971.387935288634              1791.0386147663526              	0.15736013123361753           0.0774890829270111    
5496.481343756791              3451.3628492991857             	0.2560121769552906            0.12316278045588097   
10444.205167643195             6857.78940921672                 	0.4119766499624099            0.1938483490800667   
20466.948914951925             14117.121205871057              	0.6562580036536524            0.30239008881049667   
41573.49202713281              30292.355037472884            	1.0356912360288544            0.4680611192958136   
88115.73197659155              68308.93744588633               	1.6210528978513052            0.7203071572907666   
196655.41477188517             163720.9776403595                	2.5205569278227222            1.1064348627930074   
468312.0718363519              424479.54068993696                	3.906010837038453             1.7118002420359797  
1218658.020501648              1238540.16298379                	6.07864411392436              2.732149945273555 
3790777.501461529              5075528.538071685                	9.725147433824423             4.908937928661797  
	
Erange 4500000.0 10000000.0	
	
0.19682681061058516            0.39910525153739623            	1.0453117858944355e-07        2.7911359387760054e-07       
0.6239175967168831             0.46720011780848775           	6.608617412970565e-07         9.225699169205882e-07     
1.1587697829037367             0.618510057951796              	2.263239779628554e-06         2.525970869540034e-06     
1.899493134270955              0.8863247571224414              	6.456580799232289e-06         6.400448408750558e-06     
2.9895781441779548             1.3299488054374997            	1.6648773232985477e-05        1.5105857774384374e-05      
4.650804912675836              2.050026502879363              	3.988538010811069e-05         3.360200325419909e-05     
7.236967535355107              3.21586179306573                	9.013431830037881e-05         7.118848251951222e-05     
11.324261660542758             5.113357675674665                	0.00019412595183632066        0.00014478894137667428      
17.866223883633104             8.229788884254283               	0.00040148594866505004        0.0002844248664965114      
28.463640303603217             13.40574530515295                   	0.000801953768960446          0.0005421792095475284    
45.84226954217273              22.111763971910367              	0.0015541047607406542         0.001006646872918385     
74.71248548146892              36.960758258119995                  	0.002932474750123789          0.0018259034247645597    
123.3437137988759              62.6753790751042                   	0.0054037297272779            0.003243545770723624  
206.5036090144391              107.95244981242995             	0.0097481213186169            0.0056545862514208655  
351.0605506141016              189.13916327630196            	0.01725076571642057           0.009691209964763319   
606.9104628799121              337.6660556617939             	0.029999477630049398          0.016353052767086353    
1068.8355016906876             615.5008714320224              	0.05134367891607686           0.027203315594152448   
1921.4860373237475             1148.2967230500535             	0.08659470336954253           0.044661579803193296   
3534.938103259401              2199.040277147706                   	0.14408515309896788           0.07243798977464   
6675.151370185142              4338.370096055334                   	0.2367592019652705            0.11617410461859103  
12987.084625450672             8857.05088458885               	0.3845463783654337            0.18438950337219645  
26158.425843963676             18820.230015785593              	0.6178989765753549            0.2898984327270837  
54887.04107632314              41940.375294296646              	0.9831034515051852            0.45201785956261764  
120986.04511920984             99039.96110832106             	1.5504849076462728            0.7003495143727266  
283491.0124779256              251532.47511127745                 	2.4280266299570483            1.0824839695902242  
718729.5124126623              702946.2892638468                  	3.7876319869184405            1.6841236033891487  
2032037.8454332922             2257925.6950304266                 	5.930901453777237             2.701136203287264 
6994905.371452202              10050972.42119658                  	9.544473553973464             4.87352184807004 
	
Erange 10000000.0 50000000.0	
	
0.20028753559878754            0.4063254337661295  		     	2.883608355013751e-08         8.026935386394373e-08     
0.636163845466183              0.47826913702275475 		     	2.1533521290478e-07           3.431660125547769e-07   
1.1861370761903154             0.6387969282983723  	        	8.922309745530507e-07         1.1507249938591508e-06     
1.9552398102278608             0.9247131283500699  		  	2.9625449220607536e-06        3.3255150480524145e-06      
3.0988787201672205             1.4020945643989537 		     	8.567451943237967e-06         8.631544858985621e-06     
4.860155327990237              2.1842105605751816 		      	2.243432347635065e-05         2.0673889190163757e-05     
7.631666931241998              3.4638219546199718  	        	5.4443793898855104e-05        4.650257994599218e-05      
12.060973589284364             5.570645148922087   	         	0.00012434900771925045        9.941521329490123e-05      
19.234093080159262             9.074555435905518    		     	0.0002702071667839422         0.0002037413884778986     
31.000249030237566             14.97371681097282   		      	0.0005630773934606482         0.00040284592225487954     
50.55650397769404              25.043435353654875      		0.001132097168889575          0.0007722776557802875    
83.5192836105384               42.49539020969764       	     	0.0022064607569192898         0.0014410293829550617     
139.92647812445165             73.2495448121482       	 	0.004184511435918261          0.0026254207291881958    
238.0575763348749              128.4448601273465         	 	0.007745737975074526          0.0046823958218659345    
411.8925953402226              229.52203941450034        	 	0.014029823575166972          0.008192369379080482    
726.0520810993172              418.8057941608578       	 	0.024919304936911416          0.014086602667824237    
1306.5848049114                782.2389088299047     	 	0.04348066531140458           0.023841088169455484   
2406.4753954062408             1499.9808360221182     	 	0.07464540686704813           0.039769020002557186   
4550.1807639341105             2963.6575509358563        	 	0.12625156513534663           0.06545851893082533   
8866.114556558668              6060.980474110256      	 	0.2106228965724005            0.1064240118543133  
17889.50386772233              12905.219416347047       	 	0.34694729093744464           0.1710745747479101   
37615.62178522411              28829.611589852855          	 	0.5648480693819434            0.2721680114354786  
83127.72557060457              68285.64328511298          		0.9097754411882123            0.42907347105223687  
195408.6566631889              174085.66633020202           		1.4513508415022998            0.671615155080402  
497429.1250321897              488713.1004068534            		2.297177622667234             1.0478076752969256 
1411467.9993363773             1569108.161138     			3.619275978541861             1.6438903234547084 
4708143.792268462              6194788.779558858     	    	5.719806682040045             2.6559588426369642 
20982067.79050034              36612022.104547605     	 	9.28540894538464              4.821957836337722
	
Erange 50000000.0 10000000000000.0 	
	
0.20148359962188625            0.4088233220420713 			7.2246193648183315e-09        2.3095697901478273e-08      
0.6404126846191118             0.48213225469004667 		 	7.947805205434051e-08         1.5174284298730647e-07     
1.1956914499421463             0.6459447763036226  		    	4.2064242178143404e-07        6.211817019789001e-07      
1.9748404662282764             0.9383525242997238  	       	1.6235298675242196e-06        2.0193446034719265e-06      
3.1375902789765524             1.427930574234908   			5.1991703168705275e-06        5.684986670359784e-06      
4.934852000261182              2.232645680425932   		    	1.4668546651111404e-05        1.4468629362219993e-05      
7.773570595927496              3.5540692271124623			3.7705424076918065e-05        3.413251437719442e-05      
12.327952344136781             5.738543059876525  	        	9.01796708136201e-05          7.584802072328596e-05    
19.733992303134418             9.387632026047086   		     	0.0002035415234868656         0.00016053557840876553     
31.935665896373646             15.56066926581158    		 	0.0004379390624442907         0.0003262378591667722     
52.31190662715458              26.1527798090333  		   	0.0009049701100068852         0.0006404016188164239     
86.8332262967865               44.61430119999274 	         	0.0018063291005268592         0.0012199823490146536     
146.23818287831133             77.34960393660401   		    	0.0034982504743316482         0.0022638430447923645     
250.21865465340818             136.50197172084523   		     	0.006597202794116675          0.0041042325427612    
435.66229015608553             245.64488988592876  		  	0.012150671665557649          0.007287543243404729    
773.3205522921141              451.7568092688549   		    	0.021909404675932484          0.012699528275383098    
1402.527891101972              851.2535497022337   		  	0.03875606413936719           0.021757390677572788   
2605.9768107615196             1648.713481816509  		      	0.06737255773930659           0.03670161910421734   
4977.008179815615              3295.0758202094717    		0.11526829896699824           0.061035614898498174   
9810.671652583082              6829.19231168343   			0.1943501837935314            0.10018369236083766  
20066.047813611207             14772.00579885476   	       	0.3233020082512726            0.16247380492926894  
42883.66712086875              33634.6146271831   		 	0.5311764928093146            0.26061721476056016  
96680.36874016587              81574.2303691521  		   	0.8628395371729328            0.41400956019249524  
233103.28859658248             214402.9977956818  	         	1.3874103242942566            0.6526199011491635  
613776.5842567491              627349.5338890508   		     	2.212207252365476             1.0247530046294373 
1827984.087654119              2140772.611660053   		     	3.5093118591573305            1.617029280212683  
6594610.0314337425             9364952.860952146   		   	5.581272308767191             2.625732716141634 
34505523.772945166             68700022.28914484   		  	9.114780312141413             4.78747600908045 
