############################################################
#Minimax frequency grids extracted from the CP2K code
#Published in J. Chem. Theory Comput. 2021, 17, 3, 1662–1677
#Grids with 30 points for different energy ranges (Erange)
#Structure:
#Line 1     |
#.          |
#.          |   Frequency grid points
#.          |
#Line 30    |-----------------------------
#Line 31    |
#.          |
#.          |   Frequency grid points weights
#.          |
#Line 60    |
############################################################

Erange 0 2906.0

0.13472077973006066
0.41454012407362284
0.7264650127115554
1.0952103821233763
1.5507340744641087
2.1309684610148
2.8853353291317902
3.879435757744625
5.201430031729745
6.970811684768931
9.350560848436539
12.564071001580649
16.918834424102887
22.83972781830551
30.915985544342572
41.967774219335894
57.14098640727171
78.0429357516686
106.93789608418125
147.0314580515426
202.88978553122783
281.07180694626186
391.1193573348081
547.2093677381681
771.1975057919235
1099.0536535908907
1596.9929628828843
2411.043015679036
3969.4542024452535
8410.91429702379
0.2711551412973589
0.2920716478256109
0.33586025075301174
0.40657866325776965
0.5107331186087983
0.6578956545676304
0.8616669035192411
1.141083396755036
1.5226214332468109
2.0430277403045745
2.7533146911523487
3.7244090770834286
5.055161408861251
6.883741530882366
9.403917834043737
12.888423735149207
17.72269370396895
24.453949230243484
33.86342292727139
47.07450697595598
65.71944005664618
92.20885123968911
130.2022391295589
185.52477786139306
268.21783125503725
397.8749440116057
619.9912456625073
1067.5959324975324
2286.544806677275
8738.901002766614

Erange 2906.0 3236.0

0.13585569926755156
0.41821529920891193
0.7335359382994969
1.1072550786213582
1.5703001886119063
2.1619633106722445
2.9336148368913126
3.9536785393619445
5.3144254385553475
7.141352466099918
9.606222474304257
12.945295441239312
17.484938603694847
23.67775987140482
32.153806670690884
43.793428768676115
59.83145780414573
82.00695648247473
112.7798752913388
155.64727131571763
215.6109099360864
299.8834977532089
418.99426494865514
588.6278555996877
832.992868332105
1191.901753683428
1738.4527532218908
2633.334968802445
4346.804005514949
9226.029101357823
0.27346932244426364
0.29493396442164976
0.3399080685990791
0.4126376624973753
0.5199403220488905
0.6718660354991877
0.8827295318060852
1.1726225736322562
1.5695736101023368
2.11260882730488
2.8560883332106437
3.8758604781327994
5.278022513223343
7.211435940783844
9.88567929424256
13.596923594598676
18.765442234455477
25.990394261374576
36.130687740769254
50.42631140632084
70.68536095476419
99.58565375015075
141.19809034005954
201.9985700024835
293.1161927876947
436.16688367969607
681.1401603164769
1173.9561106510982
2513.427330670278
9596.45252078042

Erange 3236.0 3810.0

0.1375558839742156
0.4237299246561157
0.7441765936480988
1.1254465790607633
1.599969145991199
2.209153355047187
3.007419074036812
4.067629377796827
5.488551916391047
7.4052176805776915
10.003405965567303
13.540012927877152
18.37183281919031
24.996410070481446
34.11028053997399
46.692377235692085
64.1240439733692
88.36264595714124
122.19431621878961
169.60498916584984
236.33171640990545
330.6978635702647
464.9206246434375
657.2768359572758
936.038129172727
1347.6645495728708
1977.1418257598443
3010.365247643635
4989.502375747524
10618.098959488718
0.2769375636736402
0.2992417954352494
0.3460350190138061
0.4218590106585124
0.5340215517074247
0.6933277649140891
0.9152251840626363
1.221486913213276
1.642626003597483
2.2213351486133592
3.0173862657746264
4.114624855968743
5.630986359973453
7.732893888537386
10.656041641143203
14.735541137742192
20.449897303637602
28.485619304084782
39.83308706520946
55.9309260308313
78.88877991500787
111.84546669541834
159.5854467970953
229.71687105279605
335.26062431596165
501.33247053904597
785.6426382482606
1356.1465778665718
2902.1064912290262
11063.595563099649

Erange 3810.0 4405.0

0.13904406912216055
0.4285658262322887
0.7535381269110286
1.1415170467922802
1.6262961987891298
2.251219295815267
3.073508947298677
4.170131059288361
5.64589044652921
7.644726401563794
10.365587059435269
14.084865660094467
19.18826867042609
26.216290635576655
35.929400137120936
49.401912630111426
68.15783436974851
94.36850091147679
131.14193494596577
182.94990655704783
256.26545423428075
360.5318037841861
509.6803886172214
724.6381601758845
1037.8525105472484
1502.6329781048792
2216.1957399484836
3390.239707940744
5640.184567731188
12031.914357631216
0.2799747756857045
0.3030322366372613
0.35146079871870245
0.4300750514997268
0.5466362705834609
0.7126509028520336
0.9446233777431962
1.265903264001014
1.7093454326345185
2.3211172345101936
3.1661481858067866
4.3359496851147625
5.959873147875833
8.221381778008848
11.381671588892244
15.81412949615409
22.054886195529974
30.877498691173102
43.404310509478876
61.27480112850241
86.90579792265169
123.90910951709412
177.80590692076998
257.378170487146
377.6084511567668
567.2233674632031
891.8325474154066
1541.8004917177743
3298.2637895129933
12556.72637834854

Erange 4405.0 5400.0

0.1410960680209205
0.43524771510986004
0.7665207024486466
1.1639061919509923
1.6631581543024647
2.3104184708475035
3.1669893883276354
4.31584603104468
5.870689930586957
7.98866892968443
10.88837830270718
14.875483870146642
20.379381338093896
28.00589822144426
38.61341811457132
53.4233672664893
74.1813854349557
103.39372381185264
144.67616311753628
203.27301335960897
286.8373320413796
406.623030913939
579.3566390283918
830.3204498005787
1198.869283622746
1749.6835713037394
2600.2624010801505
4004.8623767257905
6698.999233522065
14341.174561026246
0.28416489317358423
0.30828949437487013
0.3590402711124012
0.441630361459561
0.5644857180354212
0.7401452754725963
0.9866774703026394
1.329777825854361
1.8058067012349928
2.4661647204139823
3.3835989597835665
4.661316876386105
6.44620592460885
8.948088111649072
12.46789325682324
17.439091025312962
24.488970722743385
34.52989393893134
48.896371819916574
69.55355936542944
99.42066613014704
142.88959294052594
206.70580521988288
301.61265861851626
445.87454058368684
674.2295764664547
1065.3146704916662
1846.16967438266
3948.0236905716197
15001.510222225108

Erange 5400.0 6800.0

0.1433674220737173
0.4426628898148459
0.7809932553639084
1.1890061029798735
1.704736489813709
2.377608587440356
3.273747520531666
4.483286536624551
6.130604696754322
8.388821954366914
11.500472923115659
15.807168838438361
21.792381891352697
30.143468661033495
41.842032467696654
58.29624138024914
81.53560861416956
114.49935191584215
161.4660067158691
228.69835105975287
325.4212244904479
465.3259909564963
668.9419565107365
967.5375179808443
1410.04407287766
2076.991268832287
3114.140011343559
4834.667209637358
8139.076115188743
17497.251222371135
0.28880597793065726
0.3141509726409205
0.3675650580459323
0.45473435293913267
0.5848768476213745
0.7717685864556612
1.0353639404508452
1.40420681219775
1.9189447923955225
2.637427383030786
3.6421108679020224
5.050847015942239
7.032663994123608
9.830952206979282
13.797695578641337
19.444278287883428
27.51733560480189
39.112759774672554
55.84848632682428
80.12935385306108
115.56018244354962
167.60893912635234
244.72674037424497
360.41056089443987
537.5456031771105
819.2944118660395
1302.3421015152915
2264.016465253404
4840.7455216590715
18353.395351716823

Erange 6800.0 8400.0

0.14540131106958792
0.4493201231807535
0.7940459513320671
1.2117724207523894
1.742680949975074
2.4393090166647937
3.372391950439403
4.6389574815944155
6.373746357911509
8.76549528730057
12.080324874755885
16.69553805190378
23.14873214645153
32.20953897394508
44.9849668143921
63.07490757920756
88.80297222972374
125.5611681322551
178.32791033803593
254.45242267177184
364.85390471544207
525.8798118900401
762.2489971360726
1111.8955650866828
1634.515787335805
2428.5690684021565
3671.812768394607
5743.738068689888
9729.027159680023
20999.800616241264
0.29296462129985257
0.3194381187890608
0.3753221134330865
0.46675631543264745
0.603721438689452
0.8011914963522677
1.0809588799458272
1.4743627941460153
2.0262889424868957
2.8010104053825082
3.8907309938858594
5.428124636584
7.604818108996212
10.698763243148507
15.114982641820642
21.44655967928129
30.56648418002324
43.766908758055855
62.972012402581825
91.06685250734347
132.41339099298463
193.68120824830095
285.2463053053247
423.7403809729896
637.3320623502533
978.785932422185
1565.1330028308446
2729.7495636084445
5836.893913938098
22085.748007810864

Erange 8400.0 10000.0

0.14704498509396693
0.4547122051327194
0.8046596707087634
1.2303750029956346
1.7738485727322384
2.490259810187349
3.4542822843702057
4.768871567754432
6.577734807920994
9.08321025306724
12.572096360608057
17.453197931663386
24.312214399521167
33.99241851749717
47.713888969755104
67.25069977138067
95.19575945076387
135.35908014067192
193.37069282272213
277.60030747331535
400.57327496453024
581.1788761653216
848.1843494228331
1246.0269352662644
1844.99711942575
2761.311771739057
4204.4686241418385
6619.444613532952
11271.466932643574
24413.71197303721
0.2963273364593187
0.32373778596338965
0.38167760520153354
0.47667488142293696
0.6193657530314871
0.8257586307206471
1.1192417599126105
1.533595893064965
2.1174318721030514
2.94070601543572
4.104305072137064
5.7541994984779885
8.10243649038172
11.458433528239942
16.275877851241827
23.223421109964608
33.291908731012114
47.958153257319175
69.43709408889302
101.07403138845517
147.96365128967585
217.94992175702825
323.3082261097551
483.7891734632719
732.8442123233287
1132.825686861123
1820.9007070932764
3185.3327939434785
6812.567149441103
25734.79348292465

Erange 10000.0 12000.0

0.14873028953425532
0.46025228447257244
0.815604068464183
1.249642730565338
1.806285223311792
2.5435423302102835
3.540333750899514
4.906044230436624
6.79416292983886
9.421954935784605
13.09904827265635
18.269242442139955
25.57201171534198
35.93349371466727
50.70186253663502
71.84990624465202
102.27999990001246
146.28615444437523
210.25885598550244
303.76857082731135
441.24677896342706
644.626277933146
947.5662954369608
1402.4345459606109
2092.551420913222
3156.1169200796808
4842.013686573819
7676.179724663517
13145.496536528115
28580.5493144719
0.2997770495160067
0.328171810325839
0.3882763609129264
0.4870382457606423
0.6358038475084181
0.8517074887441279
1.1598833349774023
1.5967979705738689
2.2151837931186287
3.0913230528117115
4.335827775714694
6.109657533128254
8.648033701785389
12.296330771130819
17.564247818840375
25.20806484627957
36.35635494507822
52.70347606492981
76.80980640661534
112.57226010676658
165.9717478515792
246.28595384282085
368.1305098723015
555.1307149475209
847.33732032532
1319.0786553040762
2132.484724545273
3743.164994620193
8008.935958082978
30201.87390773344

Erange 12000.0 15000.0

0.15074658869167354
0.4668958035836203
0.8287813045866178
1.27295686026729
1.8457432235406386
2.6087085124986893
3.6461433188342913
5.0756183993344335
7.063160044261513
9.845291593081901
13.761294933072154
19.30074127352979
27.17394477351595
38.41701402640067
54.549426069506936
77.81182846954663
111.5272001496651
160.6530382259186
232.63167019101493
338.7100316718215
496.0070705705839
730.7907240768792
1083.762366034212
1618.8284659000788
2438.461166724189
3713.4370228988228
5751.214494532453
9197.732198940443
15865.762408736662
34662.09472159822
0.3039067430763809
0.3335109318096939
0.39628223332684037
0.4996995618831505
0.6560124551532797
0.8837941444637961
1.2104228747326704
1.6758387356208266
2.338139093731629
3.2818964868464273
4.630558114772758
6.565010733264908
9.3515186170747
13.384001926625498
19.24839955061762
27.821277621574968
40.421935481490465
59.048766447593984
86.74957609916163
128.20747215218674
190.67974791015314
285.53140615722333
430.82223445682513
655.9371796248371
1010.808613556427
1587.720772783595
2585.9493214732233
4560.104639212192
9764.47140618184
36744.78826999934

Erange 15000.0 20000.0

0.15327074211168326
0.47523666558201105
0.8454081293698346
1.302555423844387
1.8961670213435633
2.69253915656829
3.7831603662440982
5.296661745560639
7.416146989170787
10.404588465380735
14.642337577033341
20.682906910118618
29.33645605992322
41.795526321167316
59.825609960791006
86.05587769109584
124.42572946943761
180.87560328043566
264.42380444802404
388.8590073673682
575.4255155780847
857.1327939358282
1285.7823929714118
1943.721808327101
2964.44501552976
4572.099023467233
7170.690868688525
11603.357270785074
20212.957283840064
44452.062155362604
0.3090804319893144
0.34024841302588593
0.40647905218403607
0.5159643143279251
0.6821714531077357
0.9256259273559609
1.2767723822584245
1.7803337442227432
2.5018545143392776
3.5375123917367213
5.028880015326183
7.185241661144039
10.31751858363557
14.890153020130612
21.600969658960963
31.504943516808023
46.20741046677315
68.16803820969625
101.1831518566797
151.15859371819528
227.3632897864881
344.4976384132564
526.2026890949384
811.3228331489025
1266.1935178202223
2013.0176783429627
3312.4890760215126
5880.358930845362
12610.246229383727
47327.426186591925

Erange 20000.0 28000.0

0.15611582449200168
0.484670676531795
0.864327133672447
1.3364820958197925
1.95441681134768
2.7901462861902027
3.9439511540731202
5.558103736628507
7.836974880015686
11.076799625053408
15.710099980914652
22.372456900097028
32.00355723960249
46.00113943456652
66.45713829064987
96.52248517478913
140.97482131096695
207.10885220939085
306.14421022273984
455.47137403605
682.2697601790953
1029.4036326614776
1565.1742345818764
2399.817998955818
3714.5558190868474
5816.906307974656
9263.140996927303
15206.919687605141
26815.704784746697
59463.77740012989
0.31491712377093267
0.3479154795072989
0.41821106711586165
0.5348674813300344
0.7128490804971861
0.9750995854659087
1.3558946548404465
1.9059877530566083
2.700404389007717
3.8502466936019597
5.520642891704094
7.958186966900626
11.533140951457444
16.804769365680052
24.623195574865484
36.28937749112529
53.80834509662708
80.29343692857348
120.617438528961
182.4720644848956
278.11257974792727
427.27607514947135
662.181110971826
1036.4628530654331
1642.486743242303
2650.295375405498
4418.177298699454
7913.127380453787
17012.044780129974
63654.92138377425

Erange 28000.0 38000.0

0.1585986414808211
0.49293227874864953
0.8809949627642996
1.3665913620994945
2.0065154205489626
2.878132174317013
4.090028118330613
5.797486964911083
8.225361402603866
11.702236433624119
16.71188568127808
23.971353089725582
34.550285638470136
50.05461492230114
72.91135545553885
106.8135350467453
157.4208108370035
233.47191953414887
348.56667909998555
524.0475847624567
793.707794772235
1211.5739798923714
1864.96076865716
2896.8251945846673
4545.4128751191465
7219.5552340802415
11662.784361729111
19411.052011165215
34635.22084899565
77428.2594678933
0.32001521125658394
0.35467076049069735
0.4286612826978466
0.5518737641051952
0.7406950741154976
1.020384176642642
1.4289161118477156
2.022921463432152
2.8867554481509226
4.146355805574743
5.990514160302193
8.703718091097011
12.717190750178169
18.688773175675315
27.628891977363935
41.10078967616605
61.541495564791326
92.78097905404866
140.8899743107899
215.57923784028515
332.53694700008424
517.3923979879823
812.5836504864853
1289.6958474565083
2073.21922438688
3392.879910503737
5728.411572233089
10353.785071731596
22327.676016416055
83326.1396670659

Erange 38000.0 50000.0

0.16074983925508995
0.5001125329781305
0.895558007331798
1.3930676119416314
2.0526395034160516
2.9565619374491274
4.221130086493037
6.013805694103401
8.578774475403922
12.275421409740702
17.636750591062544
25.45877687591181
36.93833585853616
53.88713953905948
79.0668373760298
116.71771479662618
173.39998521474163
259.34441610997936
390.64111209658677
592.8223625140175
906.7916067039687
1398.75497341123
2177.101203426909
3421.6595296219302
5436.041196216437
8747.131818317119
14319.470865868023
24141.727891729002
43561.727407829894
98145.10564234719
0.3244358799675633
0.36057328739839345
0.43787941475989645
0.5670049256958328
0.7656628944752096
1.061285309171881
1.4953457271663428
2.130078015174346
3.0588087175505323
4.421869344637797
6.431225106069265
9.408834909529705
13.846816687671257
20.50252534817982
30.550011110026805
45.82334962368959
69.2111001525887
105.3018847464044
161.45180420057966
249.56900420929912
389.13450782321206
612.3924255583513
973.4482751978251
1564.7379361211877
2548.6891529503337
4226.38253248531
7222.917612404246
13174.2778180717
28509.267725054422
106160.2639173599

Erange 50000.0 64000.0

0.16262039381403579
0.5063730793021797
0.9083149017898943
1.4163907532992552
2.093511982304147
3.026477274832255
4.338696841349741
6.208955650732167
8.899549165899632
12.798932651615898
18.486939408625744
26.835311895791346
39.16387831263876
57.485091296067274
84.89004001294464
126.1629602905402
188.7682361032193
284.4506192138729
431.85558174323637
660.8659291039313
1019.8615285065216
1588.0275062829162
2496.5319476854356
3965.666107658971
6371.910543745203
10375.825366387413
17195.468551114795
29341.488754297978
53508.65421134318
121456.79271852584
0.3282825301877526
0.36574392060492084
0.44602159399289126
0.5804703376001655
0.7880316454913989
1.0981622518906817
1.5556172675403404
2.227923946607758
3.2169479016852027
4.676829032127763
6.84194682233671
10.070815237141659
14.915491370586214
22.232202221987517
33.35916502004518
50.40499220758785
76.72092077578877
117.6818705337546
181.9923044138381
283.8951043119145
446.95633356501054
710.6481252216735
1142.0217013584413
1857.0207285861836
3061.524750375996
5139.401571578885
8885.07671917959
16351.40165928286
35518.56312434257
132016.67889946306

Erange 64000.0 84000.0

0.16461121992013572
0.5130537467027886
0.9219891409850267
1.4415265282665501
2.137812541238478
3.1026919987933703
4.4675924708665224
6.4241492550129164
9.255358150849865
13.383148444589107
19.441687490427764
28.39127642576762
41.696760806942606
61.60931997659668
91.61536108245578
137.1580410041917
206.80796953910746
314.1817503489433
481.1195168715122
743.0074290063551
1157.8021962841462
1821.5380800469534
2895.3812180016926
4653.7282926606185
7572.086677425676
12495.669401832365
20997.801241262867
36325.86747707651
67064.21998527332
153559.877190311
0.3323792923495753
0.37128645855707815
0.45481882638693466
0.5951234815811263
0.8125303911554078
1.1387980677420937
1.6224364113285599
2.3370716045920283
3.394480042467526
4.96495158621143
7.309291980811711
10.829475690871233
16.149448348937934
24.245113751975293
36.65532694022094
55.82764892756104
85.69068300209298
132.6116968691035
207.0173551055982
326.1707659062317
518.9945518804797
834.5771689653424
1357.4620315784393
2235.8803375612997
3736.3891876038815
6360.155290450391
11143.129516033901
20727.354533996564
45246.467731381585
167864.82966862986

Erange 84000.0 110000.0

0.16651351865477473
0.519454577907408
0.9351507515667731
1.4658532410614418
2.1809354081217633
3.1773124769855223
4.594526615255376
6.637313429476753
9.609926239283139
13.968927280965282
20.40513523133305
29.97193207470911
44.28787090328388
65.85939691635402
98.59953714664259
148.66946924606546
225.85763585192822
345.86375336652645
534.124192482264
832.2963196222343
1309.3929484951884
2081.173047394442
3344.449587785483
5438.954165136708
8961.84030797197
14989.196056927289
25545.816609735895
44824.33409960151
83822.32422493344
193711.93304782244
0.3362966051832095
0.37662123463393204
0.4633544143824645
0.609443679214809
0.8366282415179814
1.1790166265088777
1.6889775685600297
2.4464495867510347
3.5735433123097637
5.257520611088955
7.787186659800698
11.61095992362215
17.43030221471878
26.351381738650314
40.13360778161903
61.60103361444086
95.33067886989048
148.81734792065342
234.46891374272712
373.0691144154962
599.8733847399587
975.5122812884488
1605.8677591621924
2679.2461731874328
4538.878632523566
7836.630003949259
13921.767968244894
26195.561124088643
57512.80156760765
213037.54770361463

Erange 110000.0 160000.0

0.1690396225959909
0.527980783630836
0.9527749551685267
1.498633358447118
2.2394273289730373
3.279200504430522
4.768998475289711
6.932282588250648
10.103948332171994
14.790913525485701
21.76710746310645
32.22374652919386
48.00922529285711
72.01561958382231
108.80743703784105
165.65487919516372
254.2501943193653
393.59144812337
614.8871476380654
970.0073946246416
1546.2520771713355
2492.5552724924996
4066.776314102136
6722.740655991635
11274.547185878206
19219.24710678121
33422.55081167871
59863.52522850395
114088.22675193982
267340.0098022138
0.34150265594038326
0.3837647419711019
0.4748885595852012
0.62895347380013
0.8697020693702873
1.234606483406498
1.7816009492315084
2.599802736845317
3.8264796009278195
5.674012679777352
8.473042796813875
12.742076623550743
19.300782196734378
29.456166689431363
45.31165528195391
70.28579444325638
109.99285877629794
173.7564076580376
277.24527030010586
447.12984357739214
729.4347143254225
1204.7788753069976
2016.732652224046
3425.9003452972343
5916.967870704429
10425.95017181254
18902.03087469423
36195.04534310194
80228.85952678222
296685.58400527935

Erange 160000.0 220000.0

0.17108080746256005
0.5348926066785868
0.9671403722271738
1.5255266347919436
2.28774274844055
3.3639396483885546
4.91510333449395
7.181015523939525
10.52351093743281
15.494175591137205
22.941350060033994
34.180859122853406
51.27100453309755
77.4598244795078
117.91998358022018
180.96932452902817
280.12130623254893
437.57174786980636
690.205645858275
1100.09105655256
1773.0902705202968
2892.412355453728
4780.204848654172
8012.96799945039
13643.383830950022
23642.754995570554
41847.26051761937
76336.01713020806
148006.18917830326
351302.6976256991
0.3457128544559845
0.38958721362433624
0.4843783651820528
0.6451406758484797
0.8973522100189902
1.2814196455666504
1.8601713021665005
2.7308645051656586
4.044329620340544
6.035636552378946
9.073587781716466
13.741287830611094
20.968542428515345
32.25164234427676
50.02217350804501
78.2730704718351
123.63448072667782
197.24709108663288
318.07033201598585
518.8138973365631
856.7493308578589
1433.7763216800754
2434.4354710513157
4199.723043713225
7375.479667359867
13229.498032764022
24425.382905474227
47540.939727448866
106401.9838008185
393145.5653859997

Erange 220000.0 370000.0

0.174208015078396
0.5455214527091232
0.9893700986809595
1.567453246082248
2.3636540955315315
3.498122562251638
5.14827993215702
7.581158591694967
11.204028439530992
16.64459737206355
24.87939231168654
37.44134013217713
56.75883515046388
86.71544891414382
133.58416570470814
207.60520215097725
325.68438918806163
516.070276345991
826.5786325694985
1339.2814449968866
2197.1869318584554
3653.596263478819
6165.272491162445
10572.339869517313
18455.027976540176
32866.476778294564
59929.80935369267
112813.36919811858
225478.89700441147
547806.2274616612
0.35216932807662665
0.39859666877705746
0.4992199916127204
0.6706989633151823
0.9413877281467774
1.3565962959075781
1.9874058221916224
2.944935529470972
4.403353007447031
6.637198331969463
10.082430143316417
15.437217064917919
23.830070641189668
37.103429138667835
58.297656696714924
92.48760514385602
148.24827340732497
240.26021813127747
394.0140410806184
654.4499869389458
1102.1183917626631
1884.023044363102
3273.8242918006918
5792.447112731419
10457.841973367156
19329.53596485672
36827.67063798521
73825.92204301585
168436.45444117606
622444.873239739

Erange 370000.0 520000.0

0.1761202582043389
0.5520447609872519
1.0030974507555772
1.5935326203454305
2.4112315066636985
3.582863330501751
5.296667728366527
7.8377867885008925
11.643980957560537
17.394560044285978
26.15386564019807
39.605200340498676
60.43629423022499
92.98154542968216
144.30465853295624
226.04648771845612
357.6210989688087
571.8230985597171
924.8176309939128
1514.236505987768
2512.5546787169756
4229.875717696101
7234.632430202447
12591.32549473927
22342.113889996825
40517.55575462074
75377.59785941406
144997.0428070577
296108.0338286232
731745.2865811108
0.35612112320338896
0.4041597774113941
0.5084797084927667
0.6867923770493396
0.9693484716162668
1.404717445752288
2.0695156681544655
3.084248878260065
4.639047881996104
7.035740134386317
10.757234904755125
16.58309947892346
25.78417424843358
40.454121614614245
64.0813539216139
102.54891398088944
165.90782834877612
271.5712510504401
450.164506454231
756.4348015438803
1290.0017302932613
2235.688380530208
3943.8151743642957
7094.4981359781395
13045.295369347426
24603.05448593095
47901.44750228873
98085.01445426073
227192.3617986822
840731.2172617969

Erange 520000.0 700000.0

0.1777047921517639
0.5574641492548221
1.0145511230139452
1.615403373339322
2.4513426308010158
3.654686527513127
5.423110673160765
8.057659233477818
12.023051097483231
18.04454685946229
27.2652711716243
41.50449808496695
63.68639951776318
98.56001627479766
153.92310734481697
242.72975295820916
386.770803794943
623.1980350390293
1016.2779319339597
1678.941978088846
2813.0616487372854
4786.311559672938
8282.29270001942
14601.419569806514
26282.105739415867
48430.57601768038
91721.68927815263
179924.08934574723
374820.9154378848
941327.26358562
0.35939787631562287
0.40880114349624547
0.5162611101798964
0.700403353403251
0.9931343712493289
1.4458855436673317
2.14016413580574
3.204825966103843
4.844304322301563
7.385060426051078
11.352727207647774
17.601567628385595
27.534196851429424
43.479077462900264
69.34760901334614
111.79404993830953
182.29420743169334
300.93178966239077
503.4177074926195
854.3541827114868
1472.829099303335
2582.950642714769
4616.207797210845
8424.894875912756
15742.71644167282
30226.322987810392
60011.99599547493
125336.8664775516
294698.3519483209
1092989.8333233916

Erange 700000.0 1100000.0

0.1799647702096782
0.5652158330702483
1.0310122635781176
1.6470123533176932
2.5096521841629245
3.7597091666054
5.609096447864183
8.383032013517075
12.587531728381435
19.018811032717153
28.942669406068813
44.39198046554904
68.66582954328437
107.17728460643622
168.91213211075208
268.97398648093684
433.091609012251
705.730911521849
1164.951694181309
1950.1393511855931
3314.8576251656086
5729.913200878512
10089.505182983685
18135.458661616507
33359.02655596435
62993.26164148739
122648.53064183371
248143.1247122177
533911.066633673
1377658.9174851538
0.3640748855027726
0.4154710858336259
0.5275322007755151
0.7202571525801186
1.0280528203703319
1.5066998100771394
2.2451905408110053
3.385256860173649
5.153564269391184
7.915191281602387
12.263349591995896
19.17157925153088
30.255048026265875
48.22502671655241
77.69046144427213
126.59311361740465
208.81898401605096
349.03416680624724
591.8119175008418
1019.2202578014185
1785.4939265361284
3187.1280052231455
5808.604372665699
10835.102219391534
20748.74858833901
40952.890888395414
83848.098471279
180849.87459593892
436512.7424947387
1628215.5545881148

Erange 1100000.0 1800000.0

0.1822263529525982
0.5729996377421059
1.047635792810745
1.6791461382690935
2.569340077952974
3.8679621955823156
5.80214952385766
8.723197827758348
13.18207930971986
20.052986490730195
30.737880819936766
47.50921787860396
74.09130058582036
116.65928109072428
185.57975117283885
298.4887547568673
485.82262550322196
800.9299575569713
1338.911182611906
2272.4501320329528
3921.5269940453863
6892.49799005733
12363.437660742366
22688.291515470326
42722.85096985635
82860.32561548792
166362.18596925205
348621.725686658
779233.374778165
2079017.4769696286
0.36875937076082166
0.4222059972744914
0.5390198837588891
0.7406604412767378
1.064209794623797
1.5701371533427577
2.3555718741622864
3.5763689918945434
5.483812634926247
8.486176027552165
13.253067856267064
20.89439819576877
33.271277856794725
53.54362530829514
87.14918047880543
143.58213829294814
239.6811218766154
405.8231322234427
697.8346358530627
1220.419781249127
2174.402936582649
3954.658279362839
7359.4771270599895
14054.111690526057
27639.364929808464
56238.866456371696
119209.6009779448
267043.87988619285
666555.4805450162
2511681.1233505663

Erange 1800000.0 3300000.0

0.1847328901237733
0.5816579181920506
1.06623831659397
1.7153584342875687
2.6370944394526834
3.991747606377202
6.0245444078219315
9.118059462860709
13.87771304303639
21.273099986416568
32.874558748673664
51.25417761001875
80.67448644264461
128.28771388301732
206.25529162006907
335.55403757007736
552.9304377149555
923.8479731240166
1567.0928663554876
2702.6050494655915
4746.810112095555
8507.992746711141
15599.418914679965
29344.431295226907
56841.83138821593
113909.37304425648
237628.48164125465
520905.746109544
1225334.6216953252
3428882.660853226
0.3739561299590209
0.42974153402664883
0.5519996672430176
0.7639144679035607
1.1057476916121531
1.643586260939031
2.4843963114705385
3.801270659603255
5.875848620822421
9.170241595714248
14.45037787184633
23.0002074091981
36.99882559646296
60.19432989625214
99.12731724056621
165.39119652215672
279.8872363721547
481.0007472363202
840.6692554162208
1496.7525126524065
2720.0603815860054
5057.476332433218
9648.32206240805
18951.758348951535
38497.25395781284
81332.10767021636
180141.95260617262
424305.6328571203
1112162.6633453001
4275158.808925236

Erange 3300000.0 6000000.0

0.18691650786522696
0.5892282516421157
1.082601142199495
1.7474335701008017
2.697541917641801
4.102986967183923
6.2258726307243295
9.478229744358938
14.51725016133735
22.40416043035721
34.87275063631003
54.7892770133363
86.95106742502657
139.4937652327716
226.41043496205668
372.1384211072813
620.0671404995333
1048.6405945196989
1802.5180601563457
3154.370380781851
5630.817881197405
10277.053936391727
19232.435067105616
37032.92799563058
73696.42898519848
152437.06029497125
330262.7698185401
757951.6008420573
1883277.8699494905
5569496.903527443
0.37848766297101066
0.4363686681953113
0.5635257557534139
0.7847411896337352
1.1432429581246502
1.710400928686577
2.6025143390201344
4.00918762919726
6.241432379311925
9.814018030878975
15.58816401063637
25.02210792050149
40.617544040137886
66.72766316858582
111.04481815761915
187.3905962133754
321.0551681264537
559.2435025237448
992.0158501613989
1795.4100023823648
3322.951465507801
6306.521335539891
12314.481572253086
24843.55105667421
52058.072852874495
114094.52399515717
264080.7768830504
655640.4058250692
1818602.1997626221
7205611.5064693205

Erange 6000000.0 18000000.0

0.19022370155321527
0.600743360402157
1.1076668599949147
1.7969727227449328
2.7916954361292103
4.277740702902653
6.5449132123072955
10.054129405857609
15.549497842664334
24.247957163099166
38.164643624522434
60.67913113804187
97.53572421208379
158.6390445053919
261.3334003305023
436.50559155590565
740.1775348487877
1276.0295073067164
2240.2658443373566
4013.504032417865
7354.933813953658
13827.327012835409
26765.8040824929
53592.215438201536
111658.9332077399
244020.31011080078
565646.7162849859
1414014.9652098955
3921844.1534676724
13169687.030866666
0.38535856099370613
0.44651820489987665
0.581378827915768
0.817323895709002
1.2024468005348359
1.8168664498604732
2.792503569715967
4.346916881821315
6.841455614222962
10.882312536529671
17.498453583809766
28.45950172040968
46.85274666913898
78.1487335864584
132.20639852667364
227.12421582085403
396.8047794537329
706.1854709081963
1282.7567112370582
2383.8137152178447
4544.9881609113345
8921.411882096174
18107.46271796117
38212.670216679006
84456.33216515457
197425.42988053817
494979.5222323457
1359946.1830275727
4269995.133188314
18594665.56920044

Erange 18000000.0 50000000.0

0.19253210390672987
0.6088167991143922
1.1253694421581641
1.8322551698762215
2.8593371177556604
4.4043903646211
6.77820202691528
10.479140516198576
16.3186936413819
25.636021161233007
40.670025252886504
65.21432629001508
105.78867675687461
173.7699859169831
289.3412272171402
488.9577195527415
839.7790283388382
1468.253800848674
2618.293272053489
4773.313983139066
8921.221516951595
17152.781586299636
34075.58424824942
70338.2733815119
151993.0955958592
347390.7830575113
852464.8697898219
2298933.9421763406
7097047.894166372
27714975.772786345
0.39015997333677005
0.4536843511969253
0.5941303836763525
0.8408337569147337
1.2455691251977075
1.8951408073458809
2.933537085150634
4.600165407270463
7.296212807798878
11.701195546464378
18.980540228606937
31.16106108953815
51.82170019429503
87.38781813144793
149.60556002756704
260.3773737102548
461.44327006014964
834.290139541255
1542.3362969521413
2923.3653677825737
5699.927184905687
11479.628646828858
24006.639124934227
52485.55856206102
121068.69686949911
298453.56221816584
801312.2270425739
2415145.5599759216
8639654.807896439
43666635.56753933

Erange 50000000.0 100000000000000000.0

0.1949107095730563
0.6171672239307736
1.143792172436484
1.8692333576553928
2.930748110931505
4.539085142263593
7.028182432141186
10.938130943606705
17.15624033998357
27.16067680457394
43.44774061879075
70.29315104327573
115.13144509398658
191.1011162579555
321.8342697698806
550.6671938372235
958.7797787732911
1701.8776841547697
3086.6003811493197
5735.080964660857
10953.106276804325
21590.73855228189
44160.136736286004
94375.76532091481
212768.38665855065
513000.1708834057
1350765.9399022928
4022932.679434288
14513078.288369589
75937900.62142041
0.39511226230548274
0.461140130776742
0.6075257413400078
0.8657410584741931
1.2916169964663862
1.979386468292054
3.0865718388636862
4.877330577353741
7.798462568355467
12.614401907780815
20.650563498437013
34.23929473043507
57.55196112216066
98.18231951367711
170.22503623388062
300.40452026165275
540.6000901136043
994.1995519608768
1873.38945083301
3628.392490521107
7251.604873762116
15029.267131045708
32509.31717011665
74021.0484408064
179523.81893802425
471846.2096834248
1380639.0831843547
4711303.6808049455
20609904.76278654
151191206.84136662
