# Published in J. Chem. Theory Comput. 2021, 17, 3, 1662-1677	
#  Minimax grids with 32 points, for different energy ranges (Erange)	
# Grid-points: 32.  N Eranges: 19	
	
# Column1: Frequency    column2: weight	# Column3: Time    column4: weight
	
Erange 0.0000 4862.0	   
	
0.13254275519610229             0.2667161148094765   	6.390102821995496e-05            0.0001644750107629364         
0.4075002434334006              0.2866077185534088          	0.0003410048490902184            0.0003927652580734362                                 
0.7129653611128071              0.32818422173681944    	0.000858015893339577             0.0006470526340880139                                
1.072311142230351               0.3951613742572797          	0.0016504328288047757            0.0009476004809462573                                 
1.5137054634325515              0.4934816587166093    	0.002778247721262644             0.0013236672585754251                                
2.072585907106472               0.6318550781930461   	0.004336751679872466             0.00181722804655121                                
2.7948198255241965              0.8226002283812441          	0.0064710209548362084            0.0024863648293148356                                 
3.7408887157784005              1.0828685966380414    	0.009393407912277671             0.0034080264366486593                                
4.991538722697482               1.4363782680324575   	0.01340416788754177              0.004681956510169319                               
6.655495576177275               1.915847231861476   		0.018917565422190717             0.006437986099490384                                
8.880073834050316               2.566403777298568   		0.026497301468281335             0.00884737093390095                                
11.865844968082882              3.4503727336112044    	0.036905213045864395             0.01213798662642807                                
15.88700871736706               4.654008952170379   		0.0511672148624311               0.01661375946425665                              
21.319800434807853              6.29699863203509    		0.07066128158960995              0.022679584239104586                               
28.682257688821725              8.545911800328465    	0.09723384839331731              0.030873595466529645                               
38.69010148421391               11.633320983339523   	0.13335312533591778              0.0419091652309378                               
52.335569763753064              15.885087444621595    	0.18231048817210543              0.05672961944641861                               
70.99909077535013               21.759494015934315   	0.24848450523394644              0.07657952416894345                               
96.60819689305963               29.903701501622987   	0.3376865863344385               0.10309761695759492                              
131.86486082729905              41.235837219460294    	0.4576131552357413               0.13843826485639682                              
180.57288090293983              57.06571237167945    	0.6184374387625521               0.18543118617833296                              
248.11368921054333              79.27552554087899    	0.8335859250026539               0.24779409719067566                              
342.14755601137466              110.59838219031958    	1.1207633263472254               0.3304222201755898                              
473.67067120472257              155.06890815199284    	1.5033220996389998               0.43979746242641576                              
658.6709548634489               218.81060764214297   	2.0121331479703484               0.5846010059990558                              
920.892639935345                311.5722127601456  		2.6882384204905283               0.7767070228661042                              
1296.9341360028814              450.16760079454133    	3.5868412256539663               1.0329650164221098                              
1847.0377800992435              667.4313363099551    	4.783852020373796                1.3787901136203442                             
2682.1510880264454              1039.6543728256195      	6.387973693919086 		  1.8564287417380754      
4047.085323969744               1789.9748349736915   	8.566792744620582                2.547529279131862                             
6660.040272218769               3833.9681364720745   	11.61702931918549                3.6531886321446416                             
14108.029689918747              14655.44632366239    	16.243244163196902               5.969270620351697                              
	
Erange 4862.0 5846.0	
	
0.1343248849882633              0.2703480614473483  		5.442349002883837e-05            0.0001401015051695221   
0.4132592119099152              0.2910756261579897   	0.0002906163628933693            0.00033499665110023704   
0.7240043390799359              0.3344559767841716          	0.0007321293214401846            0.0005532522530987489   
1.091026925935713               0.40448278489060463         	0.0014109784539713872            0.0008133560062402562   
1.54395256157537                0.5075565457043502          	0.0023816365307190094            0.0011422450286066607   
2.120249021729213               0.6530872691721998       	0.0037311772208214787            0.0015787618621387204   
2.8686740645792272              0.8544340076849473         	0.005592773584012946             0.002176697085238142  
3.8538693799190424              1.130277093651096           	0.0081619152463338               0.0030073676766694266                                  
5.162601596809094               1.506570063148876           	0.011715729132325964             0.004163649639092577  
6.912333890906867               2.019293595727479           	0.016637929524033673             0.005767402761174793  
9.263083009950755               2.718337239493882           	0.023453105417011018             0.007980687395399007  
12.433910552841194              3.6729796521022116          	0.03287403908552556              0.011020625281672214 
16.725965711187758              4.9796461563368934          	0.045865900699847945             0.015178459352483943  
22.554817278001472              6.772925073652045           	0.06373214396298486              0.020844174229750198 
30.49600178512726               9.241267903229764           	0.08822857905561622              0.028538588286649656 
41.3494455589017                12.649452794111886          	0.12171425464017217              0.03895532923923562 
56.23095197989688               17.370863762271927          	0.16735049859917261              0.05301575138551127 
76.70267881628598               23.934101209739133        	0.22936294868166074              0.07194074865569469 
104.96008395875586              33.090676974430735    	0.3133859506800179               0.09734467595148226                                  
144.10119183719314              45.914061903125    		0.4269147709487938               0.1313584288969531                                  
198.5169327875596               63.94611611042478   		0.5798994400836499               0.17679160298883081                                  
274.4618860978532               89.41703574194196   		0.7855261781163106               0.23734854692003116                                  
380.899499080189                125.58445451312652  		1.0612512378052221               0.31792227850976007                                  
530.7797694607106               177.27970461634078   	1.4301841263166695               0.42500882037583165                                  
743.0392454072074               251.853187763381   		1.9229772371853768               0.5673248919963556                                  
1045.9229630462034              360.99548168525195    	2.580501782235826                0.7568049338284129                                 
1483.0537807692358              524.7699272889096    	3.4578625966778955               1.0103817704846647                                  
2126.1516611014854              782.0601891451947    	4.630962088019041                1.3535647228420928                                 
3106.7411184121765              1222.611932252175    	6.208582258228505                1.8286721197765015                                 
4713.500361879859               2108.162233431274   		8.358418878620247                2.517319618502594                                 
7790.3641571104345              4512.831122628449    	11.37712612667173                3.6202102280059703                                 
16548.445240300603              17222.120678400817    	15.968170544511102               5.930981680526662                                  
	
Erange 5846.0 6665.0 	
	
0.13557338601660668             0.27289359484351916         	4.8544808464658475e-05           0.00012498176375406726    
0.41730065260389615             0.294220982001665     	0.0002593485712181486            0.000299130758824733  
0.7317746815552322              0.3388980759862916    	0.0006539518705617748            0.0004949254877793316  
1.104251698157746               0.411123396942743   		0.0012620998863735048            0.0007296849915859161  
1.5654155709323194              0.5176359133047135    	0.002134648029009164             0.0010288042473983914 
2.1542162086848187              0.668364809184891    	0.003353250117842424             0.0014290235014882077 
2.9215329135167067              0.8774440884042964    	0.005043178699940835             0.0019812415860893163 
3.9350769825526832              1.1646980641075588    	0.007388686080392843             0.0027529950493393966 
5.286080227577014               1.557761149115098   		0.010651467508498257             0.00383257137438519 
7.0985194219082555              2.0950797638638385    	0.01519484467183565              0.005336492795437645                                  
9.541929524180782               2.8301605859021666   	0.02151725732341947              0.007420608589016774                                  
12.849299970750083              3.837593566983341    	0.03029858754646109              0.01029470391501449                                  
17.34218791649807               5.221615251219452   		0.04246309490817034              0.014241296894904196                                  
23.466110116962277              7.128324609566002    	0.05926381239480956              0.01964004703493962                                  
31.840626080497724              9.763174149466698    	0.08239494336727046              0.02699971016577413                                  
43.33050125803531               13.41611573645175   		0.11414097839482948              0.03700007872604122                                  
59.147245510736425              18.497910846798998    	0.15757400511758252              0.050547012803328586                                  
80.99462553628598               25.59282079046985   		0.21681422548727597              0.06884458868981981                                  
111.2781774935937               35.53550575895753   		0.29737332757633034              0.09348967784530542                                  
153.40846663158962              49.524062051914576    	0.4066065418252456               0.12659613160197555                                 
212.24282951584453              69.28781614975094    	0.5543077141349219               0.17095862941207848                                 
294.7341924733544               97.34010675862754   		0.7534939940706474               0.2302711267303353                                 
410.8955699804921               137.36838088542098   	1.0214457127670413               0.3094239152326776                                 
575.2616255690891               194.86122705934486   	1.3810991072747199               0.4149216994326361                                 
809.1768735737788               278.18695350675137   	1.8629492914867638               0.555505084520509                                 
1144.5847770269388              400.6526832866276    	2.5077428833752067               0.7431502415960526                                 
1630.9076924124556              585.0253370519614    	3.370510682262872                0.9948487920453783                                
2349.3603614162894              875.1939500761971    	4.52714545796296                 1.3361777826685788                               
3448.4571118322583              1371.947991018934    	6.086483167699423                1.809509286088653                                
5252.914668389623               2368.536327804507   		8.216299008759131                2.496441460806496                                
8709.488526056672               5068.399861166353   		11.213210923746692               3.597410863544938                                 
18538.811858380694              19319.551508880766    	15.779945298966286               5.9045255378523525                                 
	
Erange 6665.0 7800.0 	
	
0.1370499857872464              0.27590538134484827    	4.2319791684398945e-05           0.00010896980958811763   
0.422087838650514               0.2979573565068322   	0.0002262256833340046            0.0002611185815588283 
0.7410040914005517              0.3442035946496803    	0.0005710759339812151            0.00043301817888623847 
1.1200141103213002              0.41909606429356827    	0.0011041000499916853            0.0006406820460768114 
1.5910937845067552              0.5297935391581631    	0.0018721273080030145            0.0009077674409158128 
2.195011651443817               0.6868712744253185   	0.002950744254164121             0.001268624601649587                                  
2.985262954814932               0.9054313778178337   	0.004456329948077625             0.0017708556976942175                                  
4.033361919610758               1.2067332819592969   	0.006560445775378507             0.002477704567241762                                  
5.436098124858981               1.6205293980185511   	0.009507343812482433             0.0034722665030748113                                  
7.325593527943965               2.1883874721831376   	0.013637283047013359             0.004865004260125733                                  
9.883341376758114               2.9684149635372044   	0.01941907839765781              0.006804656478190395                                 
13.359912878263156              4.041990934394181    	0.027495223047590025             0.009492536281842186                                  
18.102752475144438              5.523387463777131    	0.03874330338636378              0.013201017163803366                                 
24.595554809189636              7.573569384258536    	0.054358588747561776             0.01829768554187978                                  
33.51428674450282               10.420063818936963   	0.07596440384363516              0.025277118873799437                                 
45.80722857230063               14.385689720800096   	0.10575909660902735              0.034802761118126926                                 
62.80982762248363               19.930287584151156   	0.14671121294566578              0.04776205831199323                                 
86.41024933404324               27.711636209408702   	0.20281810337064493              0.06533896907314592                                 
119.28915593140628              38.67488869797654    	0.27944792395127677              0.08910928388293891                                 
165.26885298524112              54.18479605908046    	0.38379131316561327              0.1211660799438405                                 
229.82488386010735              76.22300391975581    	0.525457692252208                0.16428554188642505                               
320.8416671697241               107.6864815178738   		0.7172635733637082               0.22214824519628396                                
449.7412806501914               152.8489241029493  	 	0.9762793617085143               0.29963998828115096                                
633.1998473772219               218.10116939555124   	1.3252331952635001               0.40327442471190905                                
895.83705332351                 313.21671931714536 		1.7944297509586076               0.5418192779326029                                
1274.6569305047908              453.742571335189   	 	2.4244629711653745               0.7272994796496782                                
1827.0549682010767              666.1923552433152    	3.270270626899914                0.9767765646718063                               
2647.329246149724               1001.3603174380673   	4.407729666691881                1.315909458684106                               
3907.374072374449               1575.1576866889702   	5.945738068832148                1.7871373292268897                               
5981.275709049701               2723.745097867967   		8.052167730865541                2.4720433230436907                               
9956.014230886252               5826.475195617796   		11.023603896745234               3.5707586649853615                                
21245.91059831021               22177.608473258828   	15.561924493694205               5.873612522584144                                
	
Erange 7800.0 10044.0 	
	
0.1393751435556022              0.28065064408654583    	3.393255390660133e-05            8.739335036060486e-05 
0.4296428076126454              0.3038780328549319    	0.00018157221465841256           0.00020983760313852035  
0.7556269118458908              0.3526759573849975    	0.0004592307676320871            0.0003493229451058535 
1.1451112107395522              0.4319215261801991    	0.0008905276367436023            0.0005199664146008647 
1.6321993263496475              0.5494801124103226    	0.0015164746316516245            0.0007428694438573918 
2.260676043411754               0.7170195083647463   	0.0024038182425049908            0.001048824687194698 
3.088405025081973               0.9512879181334657   	0.003655880996707775             0.0014805150854819704                                  
4.193293537779408               1.2759995304848823   	0.0054255179504103905            0.0020948189118065326 
5.681535826776683               1.7245524024350398   	0.007931245931576318             0.0029671598393268173                                  
7.69912759768035                2.3439221516534534  		0.0114792650369607               0.004198990073584458                                
10.448065969109644              3.2002414143320297    	0.01649451279684121              0.005928343272370908                                 
14.209271435146666              4.386814440304756    	0.023563843280162002             0.008343628060712927                                  
19.375182226620723              6.0356680674184835    	0.033494992691347265             0.011701624144711492                                  
26.496316789495793              8.334263247492462    	0.047396265575400595             0.0163512213147089                                  
36.34808912459801               11.549773796002393   	0.06678363974811272              0.022764888824347185                                 
50.02711707757524               16.064517095499955   	0.093724229945987                0.03158039794694182                               
69.09067912961464               22.427907607712154   	0.13102792038715239              0.04365605404949107                                 
95.75961436726789               31.43303552982579   		0.18250270781166214              0.06014369592103612                                 
133.21501966925618              44.23019793781067    	0.2532942033927338               0.08258509281019695                                
186.03449395457477              62.496359675110796    	0.3503362853107127               0.11303931699899293                                
260.83759278866273              88.69028623168306    	0.4829488331079465               0.1542516135087157                                
367.24818341626917              126.44134851448199    	0.6636312054412428               0.20987914795565896                                
519.3442915671452               181.15338754218374   	0.9091194626135006               0.28479788380848736                                
737.8771467239039               260.9731813081323   		1.241807411536441                0.38553266378218126                               
1053.7584086797096              378.4325232446994    	1.6916904363164948               0.5208913754190811                                
1513.801330668974               553.5022272702486   		2.299110603722669                0.7029743313415381                               
2190.9702417788335              820.1059662618102    	3.1188473050465815               0.9489538722825864                                
3205.2140171776487              1242.61943354538    		4.226742880544712                1.2846216880545815                               
4774.210825118251               1966.3786822155184   	5.73178901479017                 1.7525303625505235                              
7368.122740715144               3410.3262356194664   	7.802015996740442                2.4342520367725067                               
12344.973991941335              7292.46886903304   	 	10.73398018079764                3.5294590063092537                               
26456.259009955764              27693.855354838164    	15.228283328315147               5.82574638448254                                
	
Erange 10044.0 14058.0 	
	
0.14237486453944107             0.28677747480312377     	2.5286922170354894e-05           6.514769920993364e-05  
0.4394200534952092              0.3115840468325672    	0.00013550300515152938           0.00015687397983623111  
0.7746555330683098              0.36382211720758184    	0.00034365254863389185           0.00026260059811101074  
1.177996095520943               0.44896687419484355   	0.0006692829830793605            0.000394267458907849 
1.6864652619295697              0.5758826693409299    	0.0011467768099562               0.000569987485627106                                
2.3480282638346726              0.7577922978063393    	0.0018326842825994733            0.0008163276402528582 
3.2266616421606034              1.013805148375157    	0.0028151146148173586            0.0011701237352853642 
4.409302651924302               1.371186351736884  	 	0.004225026003742279             0.001680758396099781                                  
6.015552554226239               1.8686546654955012   	0.006250780019705354             0.002414639429717159                                  
8.21136864768518                2.56115176168904  		0.009158586718943748             0.0034624986342827427                                  
11.228525969594424              3.5267457265125604    	0.013321604127882514             0.004949404187288667                                  
15.392442739194209              4.876653159913234    	0.01926054419553751              0.00704789552613599                                 
21.162171526463748              6.769843587920379    	0.02769941545264008              0.00999535091125554                                 
29.18815796828059               9.434411669061411   		0.03964139074601272              0.014117167183015276                                 
40.3960633542662                13.198996941760914 	 	0.056471580120530336             0.019857768872086755                                  
56.109002958965746              18.53920060615783    	0.08009577889831763              0.02782204007098351                                 
78.22669193938121               26.14651426672167  	 	0.11312722824816804              0.03883055990410155                                 
109.4893460132257               37.03124772871653  	 	0.15913731138320336              0.05399308565310966                                 
153.8685432400606               52.677154132184704   	0.22299123810302657              0.07480617533828689                                 
217.14949285761446              75.27530196334217    	0.3112966160076166               0.1032828703661818                                
307.80403247089794              108.08071153726374    	0.43300212495019025              0.14212537017885443                                 
438.30940204930323              155.96210569315744    	0.6001966661049284               0.19495650401901887                                
627.1596980492438               226.2630374093172   		0.8291790761739616               0.2666345532300576                                
901.9765906170177               330.18690270710874   	1.141900704443846                0.3636933937165475                               
1304.4290970945126              485.1305151943868    	1.5679415214227161               0.4949878042793592                                
1898.3283702431997              718.9484199953382    	2.147298128643314                0.6727122940047311                               
2783.931515564688               1078.8257499526349   	2.934523705189343                0.91418280277028                               
4126.483644157721               1653.3065930339428   	4.00539737112386                 1.2453685853158643                              
6224.503686674229               2639.3168711629464   	5.469022915149277                1.7089820529103965                               
9716.401957272288               4598.936377351543   		7.493643904207673                2.3866034784779506                               
16429.986790645627              9833.306219117254    	10.375817412384437               3.4773514427582293                                
35423.70971974651               37228.01191754706   		14.814601510443076               5.765409584335823                                
	
Erange 14058.0 19114.0	
	
0.14502370796551703             0.29219234212764755     	1.932135319864962e-05            4.9794334064441845e-05 
0.4480829010539378              0.31845370690034347    	0.00010368197789193328           0.0001202442466871008  
0.7916157981286331              0.373872890610569    	0.0002636661772942731            0.00020239142207391234 
1.2075243508496802              0.4645031477238152    	0.0005157191470705282            0.00030648388928353133 
1.7355837902840658              0.600179586011295    	0.0008891130218806238            0.00044826394218884584 
2.4277406075189805              0.7956470306437238    	0.0014324323017507073            0.0006508962458350465 
3.353852391880919               1.0723453581784659   	0.002221781063255329             0.0009465213181019036                                  
4.609630408244423               1.4610762243702629   	0.003370774273254239             0.001378560941846276                                  
6.327831185413123               2.0059080326461616   	0.005043864110016273             0.002006235556189542                                  
8.694192211759745               2.76987145000088   		0.00747544974094905              0.002911588665713435                                 
11.970290957285025              3.8432790806788373    	0.010997228176632299             0.004208981250342487                                  
16.5265343114819                5.355919395975122  		0.01607649385487372              0.006057652087479506                                 
22.890028099278148              7.495003555741856    	0.023369007932130658             0.008678530354123182                                  
31.81440016230547               10.531701795474737   	0.033791453456649585             0.012376893766972177                                  
44.38216963745914               14.860576373030604   	0.04862029962984213              0.01757291406967402                                 
62.15561490757339               21.05848895536974  	 	0.06962623074409648              0.02484274557305271                                 
87.40030591467784               29.97309227512008  	 	0.09925634818539467              0.034973648086824426                                 
123.41813625304623              42.856552877705376    	0.14088037853305638              0.04903775694722466                                 
175.04637990163923              61.56891170854085    	0.199122452009721                0.0684906283923225                               
249.4101615146111               88.88951722712217   		0.2803071363072363               0.09530279631811456                                
357.06464925805403              128.99783246328127    	0.39305808457961094              0.1321356654214213                                 
513.7420529668599               188.2232678787817   		0.549101229063986                0.1825779770666456                               
743.0485870384754               276.231225060434   		0.7643445772055675               0.2514677535724369                                
1080.6808579217216              407.9416932740777    	1.0603390883163382               0.34534170861863805                                
1581.14809900435                606.7569403074244  		1.466283147413628                0.473091186246975                               
2328.8609813458747              910.3888055268573    	2.0218493641999524               0.6469906291688993                                
3457.607083546514               1382.7234338831393   	2.781370504056042                0.8844828931716822                               
5188.8198870627575              2142.64856112768    		3.8205517999540817               1.2116994219481383                                
7921.499237107771               3450.91828637881   		5.248586694740235                1.6715060390575855                               
12501.58289355634               6043.794023233803  	 	7.23391404025796                 2.3455108368533817                              
21329.60428145102               12927.644737686549   	10.073125286074314               3.432378601360354                                
46259.92356298488               48805.08862191054  	 	14.464007598891323               5.713384147526647                                
	
Erange 19114.0 25870.0 	
	
0.14754727473790832             0.2973552991659925     	1.4818639796865528e-05           3.820307739174523e-05  
0.4563621690490255              0.3250566186141874    	7.963886363515554e-05            9.253211423715926e-05 
0.8079150128057052              0.38363560044751194    	0.00020311223580610354           0.00015666144789002137  
1.2360970460871308              0.4797430677530813    	0.00039911404589973475           0.00023941035175647392  
1.783465172289044               0.6242227281583522   	0.0006926333595966217            0.0003544795957843895 
2.506029552409794               0.8334115127308077   	0.0011254943882583104            0.0005220706038556393 
3.479706891724579               1.131206159458274  	 	0.0017635291623248677            0.0007702567427026573 
4.809331033064525               1.552168109039008  	 	0.0027054780460561163            0.0011373348215882129 
6.641460873789643               2.146103694832248  	 	0.004095260696633318             0.001676302988186351                                  
9.182776952331544               2.984800054553381  	 	0.006139843660554759             0.002461551034244103                                  
12.726704342125874              4.171951997411542    	0.009134914466544177             0.003597851119996275                                  
17.692182381254717              5.857847187535488    	0.013500979005727987             0.005232383925906072                                  
24.680446495334998              8.26118966072219   	 	0.019833495884515773             0.007571020540645877                                  
34.55864851933651               11.701694869826639   	0.02897206838249403              0.01090045623553385                                 
48.58367650175289               16.64903553098479  	 	0.042095533039198385             0.01561826230147036                                  
68.58652178045523               23.796760202379794   	0.06085215831868936              0.022273572546892197                                 
97.24837691414776               34.17459871027205   		0.08753730146299196              0.03162200007875945                                 
138.51657135506775              49.32017560264589   	 	0.1253350272549887               0.04469955727258082                                
198.2350828975321               71.54333486665355   		0.17864571781396288              0.06292193738822648                                 
285.1066307856165               104.33600828116667   	0.2535290933953418               0.08821770562181855                                
412.17114696470446              153.01300195482676    	0.35830209305587557              0.12320712191071415                                 
599.09566525532                 225.72365375346706 		0.5043450664128841               0.17144328423198826                                
875.7537331156108               335.069793993653   		0.7071902955364795               0.23774090556227068                                
1287.8873903467286              500.74431450896293    	0.9879995840794562               0.3286348439935499                                
1906.2215953314396              753.9795215702264    	1.3755955013642696               0.45304683721268363                                
2841.576751154979               1145.5159990918794   	1.9093257812455384               0.6233242933376546                                
4271.337323387628               1761.5202623948937   	2.6432950751333295               0.8570306244015214                                
6490.79405022356                2761.370072156297  		3.6531218956627853               1.1804560303362448                                
10031.563416886413              4489.970449108518    	5.048075954994877                1.6366228282940412                               
16011.899712868733              7909.344598672393    	6.99678689342338                 2.3071833124934                              
27575.24726251585               16932.78473977757   		9.795906582751762                3.3903998854623985                               
60178.67874227437               63749.23270457554   		14.142088288126018               5.664862602289436                                
	
Erange 25870.0 35180.0 	
	
0.15002348519433922             0.3024254049895312     	1.1315989220620849e-05           2.918394667912216e-05  
0.46451130342750646             0.3315918385852816     	6.091484824470965e-05            7.092102053120252e-05                                  
0.824045021042684               0.3933970226398002   	0.0001558556348063919            0.0001208490607819795                                  
1.2645625089537342              0.49512550705651104    	0.0003078203984115187            0.00018654379226223144                                  
1.8315097984767872              0.6486960402797961    	0.0005380983662976303            0.00027989427379719806                                  
2.5851574108560396              0.872153928090401    	0.0008826023610964867            0.0004184502969887145                                  
3.6078322639753786              1.1920524512393371    	0.0013981206622491853            0.000626673050017551                                  
5.014105379427872               1.6470520511792885   	0.0021702768627684973            0.0009383293128013663                                  
6.965398429552594               2.2932691781075087   	0.0033248504851841115            0.0014008572107836192                                  
9.69114538724383                3.212208165551602  		0.005044444967959304             0.002081684144431634                                 
13.519686414362274              4.522554416231983    	0.007592519217726472             0.0030767293366374213                                 
18.92366324500486               6.3977829741741665   	0.011347339662602948             0.004521918459768059                                 
26.587123387509088              9.092580992760151    	0.016849450868861544             0.006608939226821494                                 
37.50529299176741               12.982711954934162   	0.024867669342019266             0.009606834282132472                                 
53.13378944809952               18.625509909639966   	0.03649043474384647              0.013891522205312699                                
75.61310381203099               26.85224510411176   		0.05325176815491175              0.0199860217642558                                
108.10840448253303              38.910067639696216    	0.07730430050505666              0.028615075699006714                                
155.3272050619175               56.68163261798167   		0.1116561161775443               0.04077910134384887                               
224.31329381924482              83.02738125985056    	0.16049387125009024              0.057854053870927825                                
325.67298187252476              122.3231205179819    	0.22962230812156062              0.08172606721705969                                
475.48339517776736              181.31153080692263    	0.3270606812998151               0.11497300539733377                               
698.2866475093558               270.46417120445864   	0.46385106272587334              0.16111009858027334                                
1031.8319129009446              406.1868615016362    	0.6551545548992531               0.22492545113901904                               
1534.6726862536486              614.4531917978084    	0.9217445361800276               0.3129477675464925                               
2298.5349133548734              936.963281227043   	 	1.2920638357850092               0.43412426576959084                               
3468.9808108623843              1442.136769945214    	1.8051264992628424               0.6008706467915673                               
5281.614870909423               2246.721112418363  	 	2.514796276521399                0.8308678912066612                              
8131.595592028999               3565.852508027438   		3.496590833178514                1.1505656278854524                              
12730.978340941307              5859.209649832797    	4.85984548686659                 1.6031493439397482                             
20567.038495110464              10391.307380953114    	6.773380959237685                2.270331555451258                              
35778.24682408639               22278.529118569048   	9.533934166411905                3.3500083706514476                              
78609.82719130651               83643.6346001724   		13.837118014874001               5.6182166490122984                               
	
Erange 35180.0 58986.0 	
	
0.15399032986872938             0.310556146577657     	7.188720818598015e-06            1.8552570543955455e-05                                  
0.4776194738561411              0.3421802780606353    	3.881661788798954e-05            4.5365280395614445e-05                                  
0.8501753043803365              0.4094223614818588    	9.991514616563082e-05            7.824430449992235e-05                                  
1.31107946792835                0.5206878687071103  		0.00019924670807668527           0.000123064841905601 
1.9107571034709487              0.6898099116933477    	0.0003530921393375012            0.00018917614532398957                                  
2.7169110257810085              0.9379031112155564    	0.0005892390933533132            0.00029038908164917863                                  
3.823183728851228               1.2963422286973751   	0.0009519594342766803            0.0004461302902503803                                  
5.361535227120927               1.8113088637921357   	0.0015086954155209336            0.0006838555287975979                                  
7.52023882937859                2.5506317768186104  		0.0023599840025008696            0.001043105615047013                                  
10.570320241106216              3.6140696050359202    	0.003654238190455114             0.0015811894241096348                                 
14.904710488340205              5.148822519751217    	0.005609186735480063             0.0023809364846653818                                 
21.09662727004116               7.37304808270909   		0.008542461005020551             0.003561415027894291                                 
29.987193874300804              10.611713921777906    	0.01291487453690728              0.005292829489029218                                
42.81777942605248               15.351596184949763   	0.01939133485309362              0.007817192602841475                                
61.43118108216903               22.32620193123881  	 	0.028926175238232574             0.011476902733337355                                 
88.57949619935079               32.64780730303991  	 	0.04288217331115784              0.01675409107074492                                
128.39852284791314              48.01425448983265    	0.06319585740381348              0.024324590249295588                                
187.14404553452533              71.03533163849936    	0.09260618135064007              0.035131696353015066                                
274.34323674515576              105.75208085448396    	0.13496966452445772              0.050486674490227534                                
404.60959924450174              158.47022734372413    	0.19569319485572675              0.07220539175013203                                
600.5280841395823               239.1101888774951  	 	0.2823266941469131               0.10279391074071534                               
897.2831647081848               363.4164108225496  	 	0.40537308432315655              0.14570107833907187                                
1350.157326096996               556.6165909250806  	 	0.5793949454394274               0.20566478637597496                               
2046.8215895330711              859.5761486038269    	0.8245311284762115               0.28919483053487227                               
3127.779028909418               1339.388089086674   		1.1685945009236132               0.40526987079618043                               
4821.115088237592               2108.33111127726   		1.6500342331912714               0.5664074675124494                               
7503.844806420884               3360.4896315872797   	2.322292524496194                0.7904744673132619                              
11818.550736004621              5453.393419146713    	3.260691519334744                1.1041823544223337                              
18929.880007178966              9137.412009720016    	4.574650070688025                1.5509968448017435                              
31248.80735377127               16424.470778988587   	6.433299519631953                2.2127606942845244                              
55365.10950684564               35351.12874442453  	 	9.133561259222846                3.286839828729209                              
123170.41015076623              132131.62635064372    	13.369520380969645               5.545336982828468                               
	
Erange 58986.0 85052.0 	
	
0.15665201491118563             0.31601774300631147     	5.212842853721373e-06            1.3460633699481115e-05                                  
0.48645255086696204             0.34936919542211453     	2.8216485728556984e-05           3.307685267989567e-05                                  
0.8679140908633145              0.42045090124222617    	7.298119875698969e-05            5.7604518102217696e-05                                 
1.3429441991327895              0.5384991728556235    	0.00014666687860403872           9.195641910083116e-05                                  
1.9655663020388237              0.718776108006642    	0.00026275225618308033           0.00014400755053456355                                  
2.8089215705883355              0.9847086381286597    	0.0004444091505151155            0.00022539775962319305                                 
3.9750326498505615              1.3713420192235894    	0.0007287615881022521            0.0003526662335951264                                 
5.608890975167092               1.9306481293657263   	0.0011728502574399147            0.0005496236389883362                                 
7.919132231547877               2.7395796341433103   	0.0018626816535886259            0.0008511354053799554                                 
11.208702795546053              3.912291447920088    	0.0029267741621968922            0.0013083814172165737                                 
15.920717165510954              5.6187616588370295    	0.004555909601317652             0.0019961328695681448                                
22.707526807683728              8.113318173320359    	0.007031533755260647             0.0030229467394267007                                
32.53546396340545               11.778610539345083   	0.01076629475072859              0.00454547537639009                               
46.84477048297584               17.193842137070394   	0.016361592669832718             0.00678848631990991                                
67.79548225092432               25.24140130107934   		0.02468887356341755              0.010072747132319853                               
98.64818052206019               37.2747560295197   		0.03700391916268461              0.014853695284454384                               
144.35799385904798              55.384907761264955  	  	0.055106793600662854             0.021774843424492554                                
212.50854417045272              82.82679809483118    	0.08156471559554047              0.03174125164120884                               
314.7924737632916               124.70772472447071   	0.12002134058150862              0.04602026166587432                               
469.3788283542409               189.1091967049713   		0.17562433753378992              0.06637923482681696                               
704.7334196247324               288.93348305516747   	0.2556145691836236               0.0952736156331887                              
1065.8446744796906              444.97622020020765    	0.370135979817623                0.13610397708422503                             
1624.4783236718592              691.102363652001   	 	0.5333479158700739               0.19356942137149777                              
2496.2720234668195              1083.0962406902304    	0.7649561302861829               0.27416081565736494                              
3869.6487189479203              1714.1073266384424    	1.092336920188996                0.3868712620397728                             
6055.704970336431               2742.5244927502104   	1.5535402649553307               0.5442810461868627                              
9577.158206331736               4445.571757485345  	 	2.201701148128128                0.7643794009427055                             
15337.311175310337              7336.150374476061    	3.111986649331865                1.0740573000929907                             
24985.53443387876               12481.117979830125   	4.39385578004782                 1.5169810386781961                            
41924.21370939059               22687.396569080272   	6.216650142887412                2.1751039860564134                             
75335.12561757576               49029.27213151443  	 	8.877446914810541                3.2454752973208514                             
169240.0831820107               182714.99577064996   	13.069399675595056               5.497663131109453                              
	
Erange 85052.0 126612.0	
	
0.15940855323823325             0.32167917419720454     	3.6756703015465298e-06           9.497600314818484e-06                                  
0.4956331404107984              0.35688752020406733    	1.9954750677579616e-05           2.347760247868802e-05                                  
0.8864643437510178              0.432113620138954    	5.191549207164041e-05            4.136863276834202e-05                                 
1.3765162067718617              0.557526309412786    	0.00010531730513004429           6.721947207800727e-05                                  
2.023770980185183               0.750001170356205   		0.00019114894568566566           0.00010755652914793868                                  
2.9074148057363085              1.0355963446410574    	0.0003284345206580502            0.00017204310109274583                                 
4.1388784725835                 1.4535706405145328 		0.0005478574351058358            0.00027461020521950513                                 
5.877927890230674               2.0626057961394766   	0.0008970642726998205            0.00043573410701580053                                 
8.356513563090692               2.9503327570367945   	0.001448846563954588             0.0006859083122114215                                
11.914499292816961              4.247930889038919    	0.0023134440610659145            0.0010704829571126738                                 
17.053639088844527              6.152607117843223    	0.00365660754627558              0.0016564711186942442                               
24.519740335146867              8.96241660484181    		0.005725809627536767             0.0025422076964986724                                
35.428643273777766              13.130563431815835    	0.008888016831791598             0.003871039755848531                                
51.46079251611351               19.350693737814375   	0.01368381089343313              0.005850643295798488                               
75.16399270031552               28.691905293869226   	0.020904518142872384             0.008780144703142966                                
110.42815348333873              42.814199349842106    	0.031701561841387796             0.013088020403816946                                
163.2357643618038               64.3152735879299   		0.04774073523681854              0.01938482007375741                               
242.85834932021987              97.29381534174325    	0.07141882485947987              0.02853620387815694                               
363.7810629576585               148.2732887039295  	 	0.10616643258939448              0.04176374049584569                               
548.8279687880828               227.73244606015456   	0.15686955518574938              0.06078358076425594                               
834.2882284949019               352.66878271895433   	0.23045435097627895              0.087996854859105                               
1278.4147835625017              550.9427692926408    	0.33669592809026266              0.12675113895160917                               
1975.6780750770085              868.7360090031099    	0.48933536087816165              0.18170115882627896                               
3080.979098507853               1383.5494745755586   	0.7076244370403264               0.2593129035941683                              
4851.394465485563               2227.296811182226   		1.0184762856769092               0.3685886307380454                              
7719.529300718981               3628.5346977825025   	1.4595108245228903               0.5221684374385586                              
12426.190192755064              5993.829605644713    	2.0835241856266555               0.7381657526850111                              
20273.565432739022              10082.06745111222    	2.965501956804563                1.0436599990100175                             
33665.94446711274               17463.261532301312   	4.214929989807013                1.4825352832265704                             
57559.451254663276              32186.387908159864    	6.001367447071038                2.136878793265541                             
105152.47765026288              69962.03966745277    	8.622077664029446                3.2034437811357703                             
238976.3949138361               259964.04274551442   	12.76932426608392                5.449257489548676                             
	
Erange 126612.0 247709.0 	
	
0.16373958436697705             0.33058526273756267     	2.0394837579119305e-06           5.276628830314947e-06                                  
0.5101264978608379              0.36885467782088144    	1.1136428689231387e-05           1.3196668481729192e-05                                  
0.9159896069529507              0.450950093626708    	2.9311026954581983e-05           2.379458469172375e-05                                  
1.430480778525928               0.5886660848688742   	6.057395938117077e-05            3.999888381841533e-05                                 
2.1183125355919272              0.8017140595780422    	0.00011273361636596131           6.655277116013134e-05                                  
3.069088155985158               1.12082540025602   		0.00019945262227642557           0.00011053727387478837                                  
4.410666493484344               1.592831379794522  	 	0.00034307020413915784           0.00018248747181848964                                  
6.328951180857867               2.2886261360881694   	0.0005789986244949678            0.00029842809341232193                                 
9.097685942967209               3.31553715895999   		0.0009626136389075716            0.0004828462223872788                                 
13.123807198212786              4.836588787162195    	0.0015797047702976012            0.0007729214376067976                                 
19.017093457142934              7.100671060940492    	0.0025620328180390273            0.001224631278196218                                 
27.69800527238066               10.490115312417089   	0.00411027194192014              0.001921577765363735                               
40.56599533589728               15.596294033961502   	0.006527602589322277             0.0029876866735399437                                
59.76432998550568               23.34074274734257  	 	0.010268581467814463             0.0046053732161687655                                
88.60026000403526               35.17091805226463  	 	0.016009798955308914             0.007041380807008615                                
132.21751623180904              53.37952681146768    	0.02475143770962476              0.010683336283217822                               
198.68257999925436              81.6305668168434    		0.03796243042890685              0.016091204665789092                               
300.7563968967366               125.83495501612735   	0.057786831913653906             0.02406937359680715                                
458.81385584717975              195.62426652036729    	0.0873357482301367               0.03576720002987578                              
705.7073030471846               306.86047742079927   	0.1310983577206706               0.05281872257231177                              
1094.9631974180384              485.9640372839356    	0.19551814727621097              0.07753624384014632                               
1714.7688190287618              777.4791364469528    	0.2897978980472306               0.11317828438072734                              
2712.160181788416               1257.4930839302167   	0.4270216153720778               0.16432147566237754                              
4335.464784701027               2057.832096842602  	 	0.6257183147230295               0.2373819281103962                              
7009.996439266402               3410.5310726374632   	0.9120522680792509               0.34136408980953675                              
11475.67124355327               5731.642662527518  	 	1.3229345707400562               0.48899079151871744                              
19043.69699662228               9785.587565752354   		1.9105866829861018               0.6985643332266451                              
32095.955514205307              17033.465557765263    	2.7496652071687744               0.9974643386084848                              
55144.14939722096               30505.194880449075   	3.9496659363104385               1.4299370040199422                              
97554.96015781426               57794.75930208428   		5.680486965184195                2.0783190576822954                             
183803.08980484723              127350.9867284555    	8.239732353995374                3.138964327630411                             
427090.13572662364              471374.61882211326    	12.318415719148392               5.375073752754771                              
	
Erange 247709.0 452410.0 	
	
0.16729345587752817             0.3379034645137452     	1.2029417634752254e-06           3.1166015808204985e-06                                  
0.5220837915443625              0.37881946738547795    	6.609895643735541e-06            7.893584647537054e-06                                
0.9405741148525995              0.46689089916190624    	1.761886326860991e-05            1.4590421523143668e-05                                
1.475915186417087               0.615406140323357   		3.714701435066809e-05            2.540166835137321e-05                                
2.1988425579314264              0.8467064090676832    	7.09606454750247e-05             4.38866273658644e-05                               
3.2084229320437876              1.1959082144868687    	0.00012924586800944736           7.544235506820306e-05                                 
4.647658877867247               1.7170430113398156   	0.0002289177620104591            0.00012836853819339647                                
6.726900296718572               2.4927824943410823   	0.00039735575327091586           0.0002156510284757784                                 
9.759556549152265               3.6497349710027573   	0.0006783049971089168            0.00035755049600582473                                
14.217184101692544              5.382588868417295    	0.001140918627613451             0.0005853791673295657                               
20.815259881214573              7.992470539282596    	0.0018934100817969098            0.0009470589489445969                                
30.6479058416218                11.948356757923296  		0.0031034810098270562            0.0015152726995104847                                
45.40134046704283               17.986233607448835   	0.0050286516433828725            0.0023993396733646157                                
67.69506474900591               27.27066375498558   		0.008060966671683137             0.0037624022005128713                               
101.63225933231537              41.66060391661398    	0.012792436500279173             0.005846143988201738                               
153.69629208332117              64.15126447641241    	0.020110206423758527             0.009006130762738474                               
234.2259466666511               99.61667730605177   		0.03133410211483852              0.01376205648174844                              
359.8693374590021               156.07223690236458   	0.04841425570428367              0.02086880821287917                              
557.713000374505                246.84813859319397  		0.07421348496567018              0.03141648831640661                              
872.3154950503812               394.3808745412634   		0.11290867950409522              0.04697057987136505                              
1377.8469922115526              636.9222168901913    	0.1705586323733128               0.06976767926454802                             
2199.339147354942               1040.5940426531995   	0.2559040285419376               0.10298830876584288                             
3550.4526300007215              1721.4116028413248    	0.38149111837813177              0.1511376630263013                              
5801.72143903217                2886.2600258571556  		0.5652486706311622               0.2205811788480397                             
9606.137468107807               4910.7228383421725   	0.8327086526705059               0.320313759532162                             
16135.098020267218              8490.620025490385    	1.2201713489652732               0.4631152216015924                             
27533.125876830458              14947.387548118924    	1.7793482729282073               0.6674360776688134                             
47827.00298089529               26881.538126356885   	2.5845851027859807               0.9609048344557064                             
84872.60988452473               49765.1843652489   		3.745354303892851                1.3880820200304151                            
155240.74372944486              97101.2613405646    		5.4318267387256425               2.031544618845653                             
301769.0915913182               217655.43736295513   	7.941927006849686                3.087377771089118                            
717663.1356247213               804161.4023302288   		11.965772395891321               5.31578682998986                             
	
Erange 452410.0 1104308.0 	
	
0.17199827765823103             0.3476062896043872     	5.514768391533348e-07            1.4324492833187423e-06                                
0.5380059294727404              0.39221916200807294    	3.0661463050989084e-06           3.714945365379106e-06                                 
0.9736341997615289              0.4886942701051685    	8.370607042832422e-06            7.187993199450151e-06                                
1.5377352694938258              0.6525426235716102    	1.830793322995512e-05            1.3287667789384625e-05                                
2.3097736290470463              0.9100580818924567    	3.65866489044243e-05             2.435221365340668e-05                               
3.402751176442763               1.3030331602543401   	6.987140555359488e-05            4.406786544877652e-05                                
4.982320081056548               1.8966193817904524   	0.00012955245746241426           7.839477316844559e-05                                 
7.295965784769458               2.7919595402699877   	0.00023469156977383316           0.00013700432533564813                                 
10.718311338355647              4.146395650315994    	0.00041673066301572737           0.00023541888373746023                                 
15.822271186795035              6.205957727039082    	0.0007268469188482661            0.0003982417143724247                                
23.491931948889743              9.35800145395578    		0.0012473021552990137            0.0006640223423546365                                
35.10335805529794               14.217249893697428   	0.002108784237240361             0.0010925276402432504                               
52.81700264781087               21.767802513575838   	0.0035166643543472435            0.0017755203327472222                                
80.05534788452564               33.599962887862425   	0.005790416868049286             0.0028526152739405167                               
122.29130031272524              52.309603978141894    	0.009422327737378779             0.0045344377578051915                               
188.3639662992407               82.17963968964122   		0.015164272167993003             0.007136218994535957                               
292.70049836028585              130.3576745067898    	0.02415507435487594              0.011126225466246156                              
459.11521059936763              208.91882658105692    	0.038106181361843135             0.01719515628222213                               
727.3932946321102               338.53188644986636   	0.05957064947730835              0.026355033830470446                              
1164.8655376002584              555.0775251553036    	0.09233052534676135              0.04007940751399853                              
1887.0757702166622              921.7987850368266    	0.14195168557080626              0.06050127009572156                              
3095.3089278858897              1552.0204912904064    	0.2165746550862792               0.09069160330701329                             
5145.990609712843               2652.486928566717   		0.3280373760158957               0.13505126572297815                             
8681.612837930576               4607.857141150226   		0.493465990037226                0.19986523979796597                            
14883.222751239353              8149.500672123086    	0.7375325370826453               0.2940997147198093                             
25969.45893893789               14702.176180519695   	1.0956894156446793               0.4305938358212778                             
46211.24410112112               27120.413678845984   	1.6189196862917987               0.6279833290723216                             
84069.60121476448               51329.09608829233   		2.381098691427177                0.9142278655051918                            
156951.2764731812               100319.89810256775   	3.4916207819996172               1.3343266294937697                             
303071.86527144857              206207.35016280194    	5.1210060943387665               1.971223529289826                             
621318.3413283181               478990.19443877833   	7.5676555925110085               3.0207289388880563                             
1540176.9421143653              1773158.149536881    	11.520669806145102               5.239269717116346                             
	
Erange 1104308.0 2582180.0 	
	
0.17588045499160682             0.35562539358245254     	2.6346628583772034e-07           6.865691087424058e-07                                 
0.5512257021498627              0.4034598630828778    	1.4870682611802608e-06           1.8349687179642652e-06                                 
1.0013703118630188              0.507310698035364    	4.18499777462391e-06             3.75363535847515e-06                               
1.5902434264445422              0.6847544241793833    	9.565754079998203e-06            7.406302503889748e-06                                
2.405215799012508               0.965797905499124   		2.0095438915823317e-05           1.4385998863803715e-05                                 
3.572121574953908               1.3985904597574628   	4.030712638205273e-05            2.7332856632656454e-05                                
5.277810308974558               2.0590328917447116   	7.820310873891258e-05            5.070293872960844e-05                                
7.8050898047384285              3.0664136286150927    	0.0001476189063429688            9.194731882902252e-05                                
11.587777615192842              4.608786136806865    	0.00027206125557350966           0.00016333066755487376                                 
17.298487998001825              6.9844140449501895    	0.0004908276742423054            0.0002847458523672339                                
25.990127895451295              10.67005177539468    	0.0008686422030538531            0.0004880328440654819                                
39.32634673857857               16.434554413045298   	0.0015106576888148007            0.0008235400684252141                                
59.96085024576093               25.529954614876807   	0.0025855700579017434            0.001370000313997599                                
92.16864779688744               40.0165712983268   		0.0043608859416256075            0.002249268185463258                                
142.9088285424604               63.323071537954775   	0.007256247781115456             0.003648135807576948                               
223.63608103002358              101.22419148541576    	0.011923381221441286             0.005850384133560756                               
353.42944347083966              163.5720951785129    	0.01936500732097008              0.009283540163912576                              
564.4730793406918               267.4096498030514   		0.031110395247887928             0.01458663604211278                               
911.8045474251959               442.6620147937182   		0.049472724953768164             0.022707798579110823                               
1490.9411871748462              742.7299414402248    	0.07792391423249093              0.03504400012572891                              
2470.3259539694427              1264.594124324258    	0.12163719777397036              0.05364018073213217                              
4152.227298440316               2187.7911393276054   	0.18826820696011917              0.08147187176803067                              
7089.513439000162               3851.763119153975   		0.2890741916661454               0.12284570471579664                             
12314.898215191599              6913.383865787345    	0.44051299024821017              0.18396885882280342                              
21802.90624200313               12677.15458167547   		0.6665282145336267               0.27376977104743744                             
39428.49288596958               23810.25092763602   		1.0018392157983365               0.4051220237008429                             
73023.82463664327               45950.63865686885   		1.4967815518731842               0.5968036286827566                             
138969.14164413267              91498.37485707413    	2.2247902473537535               0.8770477402799991                             
272986.4175263669               189213.13598878586   	3.295151802440413                1.2912341021707199                            
557893.4292914037               412506.46573426365   	4.87866127574686                 1.9226515113345246                           
1213363.1419136985              1004859.506854019    	7.274154425483326                2.9669527288987725                            
3160013.276178309               3757500.169762731   		11.170031678415262               5.177596037459169                             
	
Erange 2582180.0 10786426.0 	
	
0.18118431919794764             0.3666004567229466     	7.696764691509552e-08            2.0224960490304485e-07                                
0.569409896731795               0.41909533951682115   	4.5183075501644766e-07           5.837519191389681e-07                                 
1.0399575954447753              0.5337007693305699    	1.3712733197245156e-06           1.3534097826701593e-06                                 
1.6642774050832718              0.7311922617920863    	3.452398063116915e-06            3.0163324999016133e-06                                
2.5416705589038666              1.047397173851464    	7.99119238288884e-06             6.464297707355912e-06                               
3.817686030211855               1.5405811924145458   	1.7499890158507848e-05           1.331006273228438e-05                                 
5.712321227186271               2.3040410310537687   	3.668225172908821e-05            2.6438493784462622e-05                                
8.564613330770575               3.4869635940224217   	7.411367023252019e-05            5.089377871159909e-05                                
12.904350409701964              5.328980129783192    	0.0001450609740104884            9.53135908336066e-05                                
19.568888331266418              8.21786366292428    		0.0002761333471939282            0.00017421956824809404                                
29.895695056866206              12.786862454319088    	0.0005128366382617873            0.0003116271902197154                                
46.04343093576417               20.0807884362153   		0.0009316733536716902            0.0005466663994455823                                
71.5338357343432                31.842977578575024  		0.0016592776527650684            0.0009422361350401303                                
112.17788900752778              51.017784629932365    	0.0029023227583525545            0.0015981946213501235                                
177.6801488903931               82.64330507271109   		0.004993762465329047             0.0026712728244169207                               
284.45814060206254              135.4622543365706    	0.008463615785356367             0.004404875333973468                               
460.674367791145                224.87803543778475 	 	0.014146318917564842             0.00717331310959028                               
755.3691485577447               378.47920097589025   	0.02334212828021178              0.011546952692401411                              
1255.340718976754               646.570836391214   		0.03805782856888779              0.018387490277830258                              
2116.97044167198                1122.6914600829598  		0.0613630042242151               0.028986360940377882                             
3627.5472563405187              1984.5495359592944    	0.0979136503362365               0.04526460807725196                             
6326.311406095248               3577.888523900694   		0.15471676332581316              0.07006006488175816                              
11249.843141984617              6593.427321251175    	0.24224053787692895              0.10753871373789183                              
20444.63279555149               12452.706002367568   	0.3760196167953944               0.16378446149863707                             
38074.51328278192               24181.569964546125   	0.5789730031642062               0.24765288245177752                             
72907.33134133912               48474.222324463255   	0.8847668378302425               0.3720420890669611                             
144152.9579642091               100819.77620242331   	1.3427798213464026               0.5559074354965244                             
295906.8845605476               219012.9151368635   		2.0257631969638736               0.8278548563568215                             
635237.5946890834               501508.5608275271   		3.042786371879784                1.2338117262467065                            
1441541.5594042293              1228961.4319415095    	4.564995894383141                1.8576021658437778                            
3533032.483017847               3359678.97519788   		6.891880055654338                2.8947650724141107                            
10300282.297035703              13198823.17240385    	10.711074682469496               5.094894347251689                             
	
Erange 10786426.0 72565710.0	
	
0.1860758083606257              0.37674253105568495    	1.5580960122828055e-08           4.192785461816036e-08                                 
0.5863105731285033              0.43381021502950023    	1.0192299261551187e-07           1.4682586910958697e-07                                 
1.0762838189916888              0.5590636422872557    	3.657511654714275e-07            4.248767433871547e-07                                
1.735025194760996               0.7766587789599726   	1.0874230387694592e-06           1.117972412187448e-06                                 
2.6741091733730666              1.1286591474829935    	2.8971440093678986e-06           2.71251708562224e-06                                 
4.059774820324427               1.68435592509438   		7.1231112287328e-06              6.166664608205133e-06                              
6.147499799667448               2.5563667570796293   	1.6440376252868036e-05           1.3299698724334126e-05                                 
9.337719533159323               3.9277652235068583   	3.6035911594207885e-05           2.7458360437668858e-05                                 
14.267190355767958              6.097912064812507    	7.564822282610485e-05            5.463565964132874e-05                                
21.960866171726565              9.560625610789286    	0.0001530604093750471            0.00010531494807998692                                
34.08763874663045               15.139088266420053   	0.0002999674552596099            0.0001974602213268062                                
53.39659047772489               24.221728239197674   	0.0005716626169231291            0.0003612942851684024                                
84.47130014903539               39.180550580116204   	0.0010627819854068627            0.0006468325897487988                                
135.05292206821736              64.12452706067008    	0.0019325381417571955            0.001135618706607295                                
218.3968931937055               106.27918892115885   	0.0034446462658281212            0.0019588032650003236                                
357.54107328410043              178.55890322928792    	0.006029758821968773             0.003324710089253406                               
593.1761358820205               304.458022589578   		0.010382043759726605             0.005560469162003084                               
998.4464642388938               527.5532342378145  	 	0.017607085158632928             0.009174344598623402                               
1707.390489925032               930.4049107379313  	 	0.02944628039743525              0.014948285309521006                              
2970.9030847374506              1673.1477374753613    	0.04861435988540585              0.024074306780617383                              
5269.79573455244                3074.6018027427394  		0.07930297685700823              0.03835406948576763                              
9550.044752723195               5788.391058089275   		0.12792652074627453              0.060489181968959096                              
17728.825622420598              11199.697804802257    	0.20421936908257549              0.0945015966761899                              
33825.049900245765              22357.499058820344    	0.3228415686086713               0.1463417320393485                             
66597.83794457617               46274.36537417859   		0.5057217947095013               0.22477371348415012                             
136026.81652248927              99934.30172443499    	0.785484422991801                0.34269334477792374                            
290225.5203619125               227100.46858913172   	1.2105330871831885               0.5192018690921564                             
652973.7303844218               549456.1902431552   		1.852886865611021                0.7832512032052583                            
1570277.6349969232              1439654.5954696422    	2.8213315422092657               1.1813099794431254                             
4120560.3068352453              4195690.360297783    	4.2873111269979765               1.7977731364021527                             
12225526.961836666              14287820.480068853    	6.550982976987269                2.828182155100705                            
44976022.1592941                67797329.79665162  		10.299461972660755               5.018697893750251                             
	
Erange 72565710.0 100000000000000000000.0	
	
0.18894944364096963             0.3827101036463066     	1.4796558719757977e-09           4.7301698039073534e-09                                 
0.5962994473518639              0.4425913279562002    	1.6277762282636202e-08           3.1078236876760897e-08                                 
1.0979679811546372              0.5744425048624656    	8.615102100471783e-08            1.2722293347158736e-07                                
1.7777457879798018              0.804618202373891    	3.3251166768869524e-07           4.135773629354279e-07                                 
2.755038431602313               1.179281838121873   		1.064831343891703e-06            1.1643319139692173e-06                                
4.2094890725295695              1.7750696801469283    	3.0042406722730696e-06           2.9633030798047164e-06                                 
6.419910672165012               2.717660210867893   		7.722404719947578e-06            6.990659700961397e-06                                
9.827743718777555               4.213395860766345   		1.8469628120696557e-05           1.5534394085699292e-05                                 
15.14232519057394               6.603340508278996   		4.168720676495336e-05            3.28792052583233e-05                                
23.518028627832294              10.45667355729473    	8.969407716668371e-05            6.681670495514343e-05                                
36.85642384608609               16.73411042964203   		0.00018534670944540425           0.00013116076656301764                                 
58.3288648866487                27.07791316760568  		0.00036995434452620024           0.0002498651223560153                                 
93.29351960290545               44.334509463025526   	0.0007164776276992899            0.0004636589258144925                                
150.92965910813132              73.51209156253726    	0.0013511756947926401            0.0008405899279454757                                
247.19917473345893              123.56723754128413    	0.0024885840769342527            0.0014925644239063773                                
410.3110727485798               210.80455542346078   	0.004487272639985271             0.0026009920182698686                               
691.0051346282855               365.486536699493   		0.007937634518341114             0.004456120959091793                               
1182.327758062675               644.9928757856525   		0.013798542180092185             0.00751677674389606                               
2058.578907101761               1160.7129102321292   	0.023607852053926744             0.012500261250050913                               
3654.0712480702805              2134.627971456765    	0.03980353161167122              0.020516489982978243                              
6627.183883848432               4022.319779194768  	 	0.06620914631345257              0.03326657617193578                              
12313.689493852524              7790.4608937563735    	0.10876176019481658              0.053334802223457274                              
23517.234882837332              15569.825611679273    	0.17659514989891748              0.08461553683522265                              
46357.167452919886              32269.164071811185    	0.28364164912494744              0.13293582624456382                              
94815.65398959102               69800.37245131386   		0.45099127302133024              0.20696680596446562                              
202633.14120244567              158930.03677550773    	0.7103683461225575               0.31958257452387945                             
456833.45962230937              385455.2889064046    	1.109312567732835                0.4899879264178536                            
1101461.096498392               1013100.9672579938   	1.7191679096665389               0.7474157763110646                             
2900225.249530281               2964362.2649549907   	2.648421848786194                1.1388011986618074                            
8637618.748843128               10115616.277159294   	4.06873544538514                 1.7490627041810483                           
31160984.654377617              44251495.17814687    	6.280858212318488                2.7738272660229994                            
163046130.3896004               324622278.5292175   		9.971616727521422                4.9565545529977175                            
