# Published in J. Chem. Theory Comput. 2021, 17, 3, 1662-1677
# Number of eranges: 15
# Grid points per erange: 6
# Repeating block Structure:
#   Erange
#   Frequency  Weight

Erange 0.0000 1.5849
 0.1655921867   1.3401638713
 0.5209012738   1.5400337898
 0.9601309570   2.0411136351
 1.5943859351   3.2041471532
 2.7306701362   6.5559125299
 5.8749472842  24.6121737551

Erange 1.5849 2.5119
 0.1805946879  1.4635311372
 0.5710657016  1.7055984374
 1.0624914384  2.3046948367
 1.7847101379  3.6698898394
 3.0902608916  7.5400592040
 6.7008049407  28.2207230583
 
Erange 2.5119 3.9811

 0.2107412898
 0.6758353424
 1.2899365007
 2.2366556977
 3.9937219129
 8.8543593569
 1.7139468304
 2.0738226990
 2.9513967252
 4.8904040401
10.1860694763
37.8508588547

Erange 3.9811 6.3096

 0.2398913915
 0.7830273741
 1.5440300762
 2.7906304931
 5.1927614407
11.8692704652
 1.9596996480
 2.4836800649
 3.7694559783
 6.5827110827
14.0252417135
51.7797976822

Erange 6.3096 10.0000

 0.2673892983
 0.8903650428
 1.8225708515
 3.4589903359
 6.7690150328
16.0814892391
 2.1951893655
 2.9286522466
 4.7734604255
 8.8733892320
19.5515007107
71.9693768115

Erange 10.0000 15.8489

 0.2928309791
 0.9958642183
 2.1219318882
 4.2497817154
 8.8133486370
21.9427374532
  2.4165646895
  3.3998788006
  5.9661197698
 11.8870067034
 27.4128565874
101.2750193999


Erange 15.8489 25.1189

 0.3159877346
 1.0977576875
 2.4369534500
 5.1642537452
11.4185878867
30.0488928270
  2.6212358237
  3.8866493549
  7.3360319179
 15.7267905444
 38.4150559937
143.8410766423

Erange 25.1189 39.8107

 0.3367465699
 1.1944388989
 2.7609613838
 6.1944061883
14.6663452364
41.1631772657
  2.8074851077
  4.3769006451
  8.8564716568
 20.4498450272
 53.4810486242
205.6359685470

Erange 39.8107 63.0957

 0.3550728269
 1.2844528796
 3.0859658208
 7.3210405275
18.6070113241
56.2194168750
  2.9742330188
  4.8578159667
 10.4854969243
 26.0403084425
 73.5352436898
295.1237558425

Erange 63.0957 100.0000

 0.3709877153
 1.3665230999
 3.4030538180
 8.5128437088
23.2337294933
76.2759655370
  3.1209095741
  5.3165482730
 12.1676986105
 32.3858273603
 99.2850884506
423.9548576998

Erange 100.0000 158.4893

  0.3845515600
  1.4395817104
  3.7029023900
  9.7268226520
 28.4534055091
102.3628470217
  3.2473560599
  5.7409373573
 13.8375029511
 39.2629777670
130.8932491599
607.1930480352

Erange 158.4893 251.1886

  0.3958434305
  1.5027520411
  3.9761855968
 10.9096324549
 34.0580373848
135.1079781755
  3.3536721533
  6.1199013844
 15.4228289928
 46.3330855952
167.5611866293
861.5529201793

Erange 251.1886 398.1072

  0.4049246607
  1.5552016328
  4.2134089372
 11.9977032386
 39.6930350498
173.9106681833
   3.4398887923
   6.4429239963
  16.8459810252
  53.1379836712
 207.0327620398
1197.5120477477

Erange 398.1072 630.9573

  0.4117629031
  1.5957145113
  4.4032949099
 12.9112278362
 44.7999640048
215.2118480052
   3.5052416094
   6.6975843684
  18.0156013389
  59.0626689476
 244.8998153734
1595.9350857795

Erange 630.9573 10000000000000000000000.0

  0.4160591000
  1.6216313404
  4.5278976696
 13.5318851954
 48.4757858418
249.2365036163
   3.5464930621
   6.8628344003
  18.7974701181
  63.1939708452
 273.3210071555
1955.6415420879


